158
148
134
141
143
152
137
157
156
134
149
174
134
135
143
143
141
158
139
149
123
151
140
149
153
146
153
173
153
150
133
130
152
130
149
160
141
153
143
149
140
137
163
125
156
158
139
151
126
159
143
147
155
168
154
159
122
141
146
145
154
131
143
141
164
149
136
139
144
136
155
152
135
147
127
148
154
123
168
133
135
146
120
146
139
148
142
128
135
155
157
174
134
153
142
133
131
139
156
160
139
154
144
129
137
129
152
137
153
133
141
172
145
148
141
162
163
154
161
137
160
132
148
132
138
151
144
137
152
146
146
124
147
162
124
138
143
138
132
146
151
155
133
159
120
151
136
147
141
156
147
152
141
148
143
154
127
150
127
145
141
141
132
154
153
164
149
161
158
153
145
139
140
137
146
149
160
132
144
157
158
126
132
142
150
156
138
145
144
141
129
142
146
155
146
167
142
127
155
136
134
159
133
137
144
131
157
155
135
141
152
143
125
138
138
132
149
138
138
148
144
138
177
158
142
121
163
159
157
135
138
158
163
142
175
141
142
161
131
142
137
141
170
143
147
147
138
152
135
137
155
128
140
139
136
140
149
126
135
147
152
143
134
123
156
138
151
138
151
153
145
125
133
139
151
163
144
132
151
145
149
167
154
156
127
155
148
155
135
153
115
160
150
155
148
157
147
151
144
138
144
146
129
148
151
144
165
136
162
161
131
147
132
142
155
133
128
152
138
162
141
109
135
139
143
134
144
136
157
137
151
148
144
136
149
163
154
145
151
148
129
138
142
156
137
152
145
156
159
130
143
142
134
157
140
117
134
135
169
144
161
127
164
143
147
149
148
156
153
145
142
130
134
142
143
127
156
164
156
147
155
148
145
149
157
165
153
152
161
121
144
159
162
150
132
144
149
132
158
148
140
161
135
161
163
146
150
130
136
157
142
145
145
150
146
145
144
163
157
138
132
142
125
151
126
131
130
160
149
167
147
136
152
151
151
150
140
146
139
133
170
146
152
123
154
157
154
149
151
171
137
88
140
160
140
147
140
133
124
134
146
169
145
150
147
129
150
154
137
153
172
153
152
158
170
135
161
151
149
131
148
140
156
161
154
149
156
126
129
152
150
161
149
143
144
155
150
138
144
128
