70
86
77
67
83
91
86
82
70
63
87
73
84
67
81
88
91
69
85
79
76
94
73
80
79
71
72
86
75
63
73
76
78
73
79
105
72
78
87
79
80
68
76
77
74
91
74
82
82
83
86
88
88
66
72
71
74
81
72
81
85
77
66
72
77
77
74
78
74
60
81
78
68
74
86
85
79
76
76
83
79
80
90
78
83
73
77
73
83
72
74
65
78
70
71
84
66
75
80
92
79
77
74
75
78
83
81
60
81
76
64
65
71
74
88
76
78
78
81
80
88
71
70
70
81
82
72
65
70
82
71
70
76
82
72
74
70
66
75
76
84
77
93
72
71
69
62
74
71
82
80
81
71
71
60
76
80
72
78
76
73
81
104
76
85
76
67
86
75
79
79
64
67
76
83
75
81
67
90
81
84
66
73
61
76
81
72
82
76
77
81
80
73
86
84
75
67
70
75
74
67
68
84
82
79
78
91
57
80
77
73
80
74
68
76
76
78
65
66
69
81
71
78
76
74
69
70
80
69
70
81
93
72
68
86
77
78
66
72
97
67
78
72
65
71
66
75
78
69
84
84
69
84
83
71
78
78
88
94
76
69
71
75
74
67
81
90
79
65
81
77
74
75
86
76
75
71
55
86
80
74
80
84
85
77
73
63
76
75
85
74
69
70
78
81
76
85
72
77
83
73
70
75
80
86
68
76
75
84
72
77
86
73
83
70
72
85
72
81
84
71
68
73
77
84
72
66
76
72
62
72
72
78
72
67
73
69
76
66
84
78
74
60
63
75
85
74
87
73
85
77
87
74
68
78
84
68
79
83
77
81
93
82
71
67
71
80
88
77
81
84
89
77
74
79
82
82
76
74
65
77
78
71
72
83
82
80
63
71
82
78
82
77
73
83
77
84
88
75
70
81
71
75
86
72
87
80
87
75
81
80
79
68
73
83
64
69
86
74
84
58
93
96
77
73
79
79
75
84
91
79
78
65
73
69
77
81
80
79
80
75
85
61
80
82
84
77
77
70
77
79
81
86
72
83
71
65
79
72
76
83
81
66
73
72
69
65
75
87
73
78
53
83
71
75
65
77
95
69
71
77
71
66
67
77
75
83
67
85
91
80
59
82
66
63
72
85
69
74
80
