264
288
223
290
244
283
309
311
299
218
250
295
269
216
277
288
265
293
282
315
254
288
316
245
240
296
259
236
215
286
280
262
274
241
310
241
302
280
295
308
237
242
240
333
335
293
334
273
297
310
294
272
277
248
240
267
249
275
265
311
282
278
272
302
252
281
270
195
215
323
288
274
251
283
242
277
263
243
280
262
256
230
237
259
265
289
285
262
251
268
290
278
266
293
312
294
261
266
261
234
257
276
375
196
285
272
260
268
262
228
297
301
251
235
310
284
266
306
254
296
290
238
287
329
297
321
296
265
249
261
304
277
243
255
231
292
245
269
298
235
305
253
316
241
317
343
266
365
299
292
275
275
251
251
287
327
245
302
285
314
256
262
270
249
241
288
310
256
315
288
283
268
301
270
288
257
225
286
321
278
307
322
294
239
272
206
296
247
250
289
310
240
280
255
318
262
289
271
246
270
302
304
210
277
303
304
262
303
295
263
287
303
276
309
313
250
250
268
271
265
247
270
260
240
272
249
271
298
266
265
276
351
249
339
260
314
250
343
281
252
284
262
270
292
292
229
252
297
283
292
266
306
276
297
248
297
295
257
304
244
286
278
302
305
278
256
294
297
285
279
265
269
275
242
306
290
325
252
296
245
241
289
286
240
254
225
284
260
303
250
283
263
244
318
275
294
296
265
275
332
288
281
282
307
198
271
261
311
273
307
233
298
263
301
263
251
293
283
246
291
282
244
301
321
256
282
255
271
272
273
265
291
378
305
264
275
306
258
280
285
282
245
252
292
339
249
265
296
277
293
281
285
265
308
243
282
229
301
293
296
317
253
235
224
319
253
351
194
309
261
305
264
308
265
234
277
277
293
278
252
294
263
254
288
265
284
276
259
239
271
307
257
290
247
291
245
272
302
283
275
277
256
273
294
255
246
280
239
263
223
277
234
293
273
310
281
317
259
277
352
245
242
301
257
264
290
287
319
316
272
276
276
323
276
288
223
286
260
273
273
313
251
267
280
233
272
286
288
235
260
316
244
306
299
282
297
370
359
300
317
285
221
286
279
0
292
265
274
267
252
279
301
262
295
280
292
252
269
242
263
242
271
307
302
272
316
262
247
309
297
263
340
269
278
235
312
286
280
294
256
