67
67
63
67
52
75
63
65
92
86
78
81
78
68
86
77
64
84
75
78
65
77
62
78
84
60
56
57
98
76
59
51
69
73
68
98
0
64
73
65
77
82
77
69
73
96
67
86
73
93
63
92
86
92
71
64
74
66
81
86
83
70
60
58
84
67
82
86
89
74
72
61
85
92
69
81
87
93
80
68
69
68
70
91
78
73
73
67
76
99
76
69
86
77
63
85
65
91
81
70
73
88
78
66
64
81
59
84
73
74
79
75
77
88
64
84
88
100
72
83
79
48
79
68
70
84
55
74
77
66
82
72
0
79
92
62
77
65
65
90
71
53
84
71
63
72
59
77
78
60
90
66
71
73
73
58
61
83
82
68
89
68
77
76
83
62
77
74
70
76
60
81
48
77
74
81
79
74
65
77
71
70
83
74
78
82
80
47
92
72
75
81
80
63
63
69
73
71
92
78
62
72
62
82
57
74
72
72
62
72
70
85
58
70
68
85
85
82
65
65
76
85
104
65
68
73
49
63
88
83
63
56
64
72
71
72
56
77
73
80
85
94
98
58
69
89
74
91
59
68
73
70
81
82
68
53
77
71
70
68
80
85
86
75
68
79
53
59
81
63
77
76
93
75
64
80
80
83
80
71
81
70
94
77
74
80
75
73
66
87
64
68
70
73
66
78
88
72
78
68
70
65
75
79
85
84
70
86
87
75
76
65
74
84
66
72
62
100
71
88
66
86
83
74
84
63
86
60
87
61
70
73
73
57
76
99
98
92
85
79
59
77
68
64
59
78
63
88
83
77
60
74
61
75
75
58
59
68
68
73
89
56
77
68
81
72
73
78
70
65
81
64
70
84
58
72
70
87
78
72
60
75
72
82
76
61
84
82
65
79
70
77
76
59
73
50
84
68
72
77
56
68
68
62
86
76
89
69
67
83
84
60
74
74
79
72
64
76
66
96
88
90
48
73
70
64
67
50
83
70
72
71
81
78
86
74
76
78
83
76
81
59
70
67
78
66
88
68
61
80
74
73
72
92
64
82
53
80
62
85
88
92
71
51
64
56
90
79
90
62
97
90
70
83
85
78
82
66
51
67
67
65
91
83
67
71
70
67
81
69
49
86
64
75
87
58
81
80
83
57
