0
71
61
105
77
116
80
68
78
88
106
62
90
0
0
0
44
55
75
69
82
55
70
0
83
67
111
70
62
64
79
98
0
66
90
99
99
116
105
91
0
99
89
0
96
84
74
106
138
107
49
0
71
66
61
0
69
82
46
86
64
0
0
105
81
127
0
94
82
73
82
89
55
0
97
69
69
77
44
77
96
64
91
91
64
84
51
70
96
84
75
102
90
95
87
99
68
68
116
102
0
96
80
108
63
98
71
78
75
90
95
66
84
74
89
78
99
98
135
100
52
60
70
89
84
80
82
107
93
113
106
0
38
79
74
74
70
86
51
0
47
73
119
0
81
89
67
112
0
64
44
97
120
0
65
103
0
99
60
113
101
62
77
71
50
66
85
0
59
82
81
51
88
98
70
76
58
0
51
0
81
97
85
84
81
104
82
56
83
84
90
65
77
91
68
61
0
85
80
60
75
41
80
64
105
0
81
0
0
93
81
92
114
51
81
66
87
72
70
74
93
75
52
70
96
99
78
82
65
89
99
76
110
58
89
74
67
75
104
83
45
61
114
47
89
82
83
94
76
64
124
81
68
108
79
64
115
71
71
0
52
0
103
73
120
41
57
70
67
68
55
64
74
59
71
99
69
68
81
69
99
92
61
53
98
59
73
0
88
92
80
83
49
75
0
80
88
72
48
0
69
82
100
74
55
80
67
57
73
84
0
51
97
87
63
95
66
75
76
90
90
76
73
96
89
104
97
77
64
61
79
72
0
88
88
82
0
81
83
65
68
94
65
74
77
99
86
55
103
83
88
50
78
0
78
90
67
61
86
0
0
125
88
67
78
103
81
64
67
82
86
55
80
0
48
69
110
73
61
81
61
106
0
62
108
68
98
107
0
70
69
57
63
69
35
98
99
114
46
63
86
83
103
0
72
73
53
112
69
80
68
113
77
82
105
0
77
87
0
52
35
85
59
71
88
75
72
73
73
86
73
92
0
0
97
0
84
84
0
101
79
76
0
0
88
108
0
105
0
83
67
77
93
79
97
120
115
74
114
71
80
71
96
85
81
82
93
46
64
106
81
85
91
63
83
78
39
71
78
0
61
77
57
104
122
91
72
81
91
84
91
66
60
64
74
79
95
0
0
69
