111
108
131
115
101
130
117
91
110
112
121
119
111
101
116
115
121
116
122
114
105
113
116
117
111
125
114
111
116
106
111
106
108
110
105
111
118
113
100
104
99
122
119
112
110
131
106
126
120
122
121
106
110
110
109
103
108
110
114
109
115
127
107
127
112
116
120
125
107
113
119
111
119
110
122
105
108
119
108
101
115
117
119
111
105
123
125
105
116
128
105
106
113
110
111
117
109
110
109
109
130
111
135
120
114
113
108
116
98
111
108
111
95
119
115
121
128
108
108
117
114
110
121
108
115
115
101
123
115
112
116
115
123
114
113
119
103
102
111
140
120
109
125
123
128
104
116
105
109
104
117
104
110
118
112
116
120
112
125
120
117
104
130
107
117
109
126
99
104
123
107
131
124
110
115
110
117
118
99
110
121
110
126
113
115
106
97
117
120
113
118
99
112
122
111
112
116
117
113
119
115
110
113
107
109
109
107
117
115
113
111
125
113
118
109
117
109
118
125
115
115
124
112
106
116
116
118
110
111
111
106
125
107
118
119
113
116
117
99
115
104
113
108
122
122
119
102
121
121
127
105
106
108
105
101
112
118
117
116
121
108
104
118
112
109
116
106
110
112
107
121
128
122
117
112
116
119
113
119
114
113
115
116
106
123
103
112
113
127
115
108
122
108
108
123
113
117
105
118
121
125
113
114
108
100
115
104
107
106
113
115
105
107
122
118
107
113
106
109
114
118
111
128
105
102
120
113
122
110
114
109
118
122
120
106
106
103
119
114
105
102
109
114
112
124
109
113
106
103
117
113
118
92
99
116
101
115
124
124
118
120
117
100
108
109
108
112
107
107
125
122
110
114
116
128
122
118
112
113
119
106
102
111
104
106
97
116
117
108
107
126
104
111
100
104
112
128
117
111
112
119
101
115
105
114
120
103
113
110
117
100
114
111
109
128
111
100
104
112
106
126
111
106
107
111
108
110
118
112
116
108
121
113
123
90
133
108
109
107
109
110
101
113
114
117
117
119
109
104
102
120
112
116
117
110
120
105
117
117
123
125
141
118
109
109
111
99
113
107
108
113
109
106
121
103
113
108
111
123
101
107
123
114
120
99
113
110
104
110
106
108
115
117
116
123
114
103
119
102
116
