0
102
0
96
156
0
0
162
170
133
159
89
147
158
201
87
130
162
111
145
101
0
0
208
135
154
138
194
0
112
0
99
0
101
128
0
81
73
153
130
111
0
151
160
0
107
0
0
48
96
0
0
110
112
174
167
128
170
0
133
131
105
187
0
79
146
133
154
172
183
119
101
0
0
0
119
166
193
0
91
116
135
86
110
84
111
215
184
143
122
0
149
0
0
107
169
135
165
147
91
127
0
0
148
118
0
0
0
117
133
0
158
125
0
181
169
154
116
147
153
130
0
177
107
0
90
0
83
272
133
133
0
0
155
106
115
187
0
93
96
115
0
139
190
186
146
0
115
0
139
0
147
102
121
140
177
99
156
0
0
0
0
110
165
151
0
124
201
0
225
94
135
0
84
183
119
166
152
118
148
111
0
98
211
167
136
123
193
144
132
139
104
159
142
61
0
114
85
64
0
93
184
160
105
162
26
221
109
0
102
0
151
0
119
0
0
171
155
93
236
238
0
114
102
0
104
158
150
169
0
138
0
153
61
121
102
120
0
0
0
0
140
96
199
122
136
223
0
157
143
0
164
100
163
98
166
230
151
94
0
156
144
158
96
101
0
0
121
80
115
179
122
122
180
71
139
78
0
169
101
138
131
115
0
0
145
86
157
145
88
89
90
214
160
105
191
0
124
98
183
0
128
0
0
187
0
155
0
83
101
171
130
144
146
0
111
126
155
124
155
138
116
123
95
0
169
182
136
193
158
103
170
181
81
178
0
0
180
0
68
0
107
0
88
86
0
99
85
0
147
155
179
113
0
160
0
111
179
104
107
0
0
138
0
0
0
156
148
139
0
116
177
130
111
115
87
0
90
107
192
93
0
0
0
129
102
186
97
90
0
0
114
143
114
131
0
122
0
119
143
167
208
0
99
156
0
132
134
0
122
156
167
0
0
117
147
160
145
161
130
152
88
115
49
0
0
0
0
168
123
122
154
0
89
0
65
126
0
0
132
210
136
72
0
151
0
0
170
107
145
0
108
198
85
90
205
0
110
0
186
127
213
128
93
125
138
0
0
0
92
104
137
171
124
172
228
0
196
125
146
115
0
220
106
104
109
126
122
211
137
172
165
71
0
73
149
159
0
156
171
