692
680
663
673
663
655
733
669
687
724
643
671
754
675
667
711
678
730
633
684
651
724
705
682
696
694
718
628
643
716
638
717
688
631
640
639
717
653
646
617
635
651
754
696
720
646
645
702
653
691
698
714
635
675
639
645
670
681
714
728
697
670
685
627
734
732
604
704
721
712
709
654
692
706
708
633
678
706
688
705
608
764
636
594
657
684
721
715
809
674
644
721
654
635
692
685
686
632
649
588
658
643
692
706
634
702
671
649
716
645
681
623
717
666
672
713
676
647
668
630
664
678
670
653
681
675
642
639
699
672
658
684
650
734
691
643
733
718
759
617
709
682
598
781
690
609
730
699
635
683
672
667
708
685
708
698
648
676
705
685
659
656
743
631
589
748
677
716
713
688
640
676
712
663
685
670
640
655
612
677
653
665
662
640
673
662
703
720
682
634
618
691
614
720
695
591
646
608
662
705
628
678
707
599
651
668
681
676
660
634
682
625
691
672
737
727
657
750
696
674
681
671
726
713
664
667
721
632
675
623
693
708
712
673
739
700
658
639
694
687
704
695
711
643
687
692
724
664
683
715
695
742
646
652
633
701
656
606
679
712
675
707
633
687
651
709
665
713
637
651
633
702
639
706
634
652
666
617
652
661
669
669
690
716
628
688
704
680
681
632
672
707
664
656
627
747
688
610
628
741
708
613
638
686
714
625
730
658
694
714
647
641
732
684
695
657
634
709
670
695
713
758
715
628
610
679
633
613
735
660
641
707
783
706
629
696
709
705
632
651
693
702
655
673
644
675
678
639
677
608
624
635
667
630
646
644
656
697
729
653
689
697
765
711
711
738
700
688
676
675
696
649
722
654
674
650
686
659
656
725
701
599
697
631
671
675
660
691
735
732
714
647
653
718
661
682
697
700
692
708
673
589
643
673
625
690
601
699
650
656
647
602
696
674
655
616
703
672
689
636
745
730
692
680
666
727
701
710
667
628
697
642
653
751
660
683
676
629
722
689
662
708
634
672
652
644
663
677
813
692
617
776
686
691
689
732
687
726
688
716
645
677
711
707
636
672
693
582
670
650
679
686
734
753
681
726
620
668
674
644
705
728
634
629
601
649
641
714
697
609
638
680
631
715
640
675
657
648
698
692
