84
50
92
0
103
60
114
125
88
95
0
65
91
84
100
74
93
72
111
107
97
130
95
0
112
109
0
0
135
102
57
110
130
0
136
0
68
0
74
107
134
84
94
86
0
0
81
0
0
93
93
82
99
0
66
128
74
49
146
104
0
79
89
0
59
51
97
0
53
143
0
62
0
132
0
105
69
0
74
95
98
96
90
110
0
0
57
104
0
77
0
91
75
0
92
85
61
67
82
85
0
133
77
53
104
0
124
79
69
80
90
112
80
97
0
101
70
80
79
30
69
76
86
115
0
99
64
83
81
96
108
148
87
0
84
0
71
109
80
0
160
35
0
0
107
94
55
106
41
111
90
131
90
93
99
104
0
48
116
0
147
0
79
101
105
94
0
0
36
125
69
0
119
54
137
78
115
57
90
92
103
104
102
75
103
75
123
0
0
120
53
79
118
105
90
73
95
94
80
61
48
0
0
143
70
79
0
107
0
0
82
116
91
98
91
58
63
98
0
74
66
68
77
110
88
0
67
99
85
0
0
54
78
101
0
83
0
123
66
0
81
0
70
0
157
0
25
118
0
113
96
0
0
0
116
109
113
0
0
53
98
79
101
77
0
0
0
86
113
84
0
125
0
54
0
0
107
32
79
71
108
105
95
109
96
0
55
0
0
0
135
0
106
0
0
180
0
103
70
0
65
164
146
0
0
80
0
0
46
67
0
0
66
0
0
99
105
101
104
123
97
0
115
44
90
0
54
62
80
106
76
106
81
67
0
99
104
0
0
119
105
71
106
74
147
78
87
83
0
93
106
0
0
65
111
92
0
122
92
0
0
39
84
83
48
0
0
79
75
82
103
115
86
0
74
0
102
82
64
68
0
91
139
0
0
82
114
90
119
123
105
99
87
69
141
0
0
0
0
0
86
84
87
66
86
0
98
0
101
90
94
83
57
0
0
86
0
107
0
70
106
103
78
74
0
129
123
0
123
0
49
0
98
67
55
119
35
78
124
75
110
62
140
107
79
62
96
69
0
0
91
0
0
0
102
0
136
75
0
72
126
109
106
101
73
0
51
0
92
0
110
0
0
98
36
0
101
0
90
0
93
69
0
106
142
89
66
62
0
80
109
61
112
40
90
81
0
57
0
0
