654
658
637
644
678
664
683
690
666
657
608
714
681
672
705
654
668
681
699
695
653
630
691
692
625
682
644
641
626
672
651
705
652
667
664
679
671
676
705
667
671
673
649
654
648
651
633
656
672
659
617
646
665
650
652
670
700
630
654
657
680
662
652
634
667
674
659
679
644
638
664
714
596
699
674
677
661
683
636
711
653
657
652
664
682
655
653
616
675
657
644
682
649
644
682
670
654
647
675
643
673
667
639
671
655
638
690
703
618
672
631
664
653
667
634
646
654
700
642
649
641
639
631
657
689
660
643
665
663
642
655
646
662
710
660
646
712
704
697
705
637
642
679
647
635
703
653
669
668
682
685
643
646
651
650
703
652
695
676
688
683
695
658
673
676
653
683
663
667
673
645
682
659
666
661
653
663
638
645
653
699
655
657
669
661
666
676
664
665
687
676
673
649
658
688
675
699
656
664
652
691
603
680
643
672
631
661
658
631
675
638
676
614
648
646
638
639
645
621
677
650
636
644
659
644
640
646
665
678
624
664
645
670
651
658
678
643
675
702
693
651
703
647
656
633
646
665
636
688
639
705
683
648
655
670
643
710
654
667
653
662
659
689
671
645
649
670
662
618
649
712
665
643
651
659
646
678
644
668
648
681
682
663
647
685
672
710
643
684
670
654
663
659
666
666
656
660
652
663
662
641
656
661
675
659
679
616
653
683
639
662
659
658
706
651
656
640
645
654
669
631
639
678
680
670
646
639
671
659
659
651
655
648
650
609
640
661
682
719
632
671
663
660
664
677
665
661
652
627
692
670
661
653
689
651
630
629
648
662
668
644
688
644
638
700
694
656
613
643
676
649
684
658
647
650
652
708
649
671
691
699
659
615
668
649
623
639
653
656
629
685
662
650
652
707
638
655
674
672
642
648
688
672
648
647
647
659
643
645
696
620
653
664
657
619
655
673
658
633
662
718
636
642
664
639
646
627
659
652
666
630
657
687
620
684
663
669
703
689
681
714
653
671
720
710
673
674
714
634
687
659
679
635
667
665
646
694
659
672
651
678
639
638
654
634
646
660
662
675
633
690
681
650
659
657
676
623
646
659
660
626
628
651
673
682
630
636
675
639
676
688
645
668
657
666
660
622
644
664
701
