23
33
20
0
19
18
0
29
0
20
0
0
36
0
45
21
29
7
0
31
21
34
25
29
28
13
39
0
24
25
31
0
17
30
16
0
29
0
43
14
23
32
0
0
34
0
31
16
33
0
33
0
0
22
0
0
0
20
43
0
39
19
17
0
0
32
22
24
43
21
21
43
0
45
0
0
30
0
32
0
18
0
27
25
0
34
0
22
43
0
32
30
28
28
17
36
24
0
0
0
26
47
28
25
35
5
0
17
33
35
0
0
40
39
30
0
0
35
31
0
0
38
40
26
0
0
0
23
33
27
0
30
41
19
41
0
31
28
22
0
0
0
0
49
0
26
23
32
0
25
35
20
0
18
31
66
0
22
22
27
0
0
0
26
24
0
22
30
20
0
0
42
31
0
0
27
19
0
19
24
15
0
0
0
13
0
0
0
0
39
31
30
27
17
21
23
24
0
27
0
31
30
28
23
0
25
41
18
27
21
26
27
0
33
29
0
34
33
34
25
0
0
0
0
27
32
25
0
0
19
0
31
0
0
25
38
24
23
29
26
28
42
0
0
0
40
35
0
20
26
34
27
0
26
26
0
23
0
42
0
0
37
25
25
40
19
27
20
0
0
0
27
25
0
0
19
36
38
22
0
31
28
37
33
25
0
34
27
18
13
23
34
24
17
40
20
27
0
0
31
28
0
28
22
0
0
27
25
40
0
32
22
0
0
0
22
14
29
36
29
0
20
35
22
36
0
29
35
16
27
0
0
0
15
23
25
0
0
0
23
23
25
0
27
28
40
20
32
12
0
35
48
22
33
13
18
18
16
34
41
26
18
0
10
22
0
33
35
29
32
16
23
25
29
0
0
23
15
32
15
0
36
21
18
25
12
27
39
29
53
17
0
0
29
18
12
15
29
21
13
28
30
24
0
33
33
0
20
22
0
21
15
31
0
31
0
23
30
22
29
22
0
21
0
0
21
20
36
0
0
0
20
48
0
0
29
29
27
15
16
0
0
22
21
22
0
23
0
37
30
22
0
23
0
0
0
33
33
13
49
12
31
0
34
0
16
35
39
0
19
14
42
0
23
20
29
34
11
31
0
18
0
5
20
28
0
35
17
36
10
29
37
25
26
40
0
20
0
0
0
