251
267
280
274
277
276
297
276
279
281
308
303
274
263
302
271
275
273
267
270
274
266
269
278
288
269
260
301
270
299
268
275
299
288
262
289
283
264
266
287
291
285
271
269
267
288
282
274
265
295
272
281
303
289
293
278
274
275
264
275
307
269
267
269
281
262
300
297
275
264
285
290
258
282
289
273
280
287
278
272
258
262
270
284
266
287
275
279
287
277
278
299
280
269
259
275
253
261
277
289
283
290
280
264
286
263
271
282
283
288
279
272
282
300
297
273
258
282
271
274
284
282
278
288
273
286
273
286
287
279
292
272
273
290
265
274
281
276
267
290
274
279
286
292
272
271
292
270
297
290
289
263
277
274
282
291
260
283
267
266
296
261
290
244
286
282
258
281
267
279
282
281
267
287
265
273
276
266
288
275
279
247
275
269
293
284
292
277
273
280
272
282
271
292
288
288
269
264
308
262
256
279
273
268
288
274
261
286
266
250
280
282
268
290
267
280
294
294
287
263
285
310
259
313
261
246
303
273
269
275
309
258
284
272
284
289
276
289
285
283
279
262
274
275
289
261
285
265
284
279
283
289
268
298
268
280
290
255
257
273
280
306
281
251
303
275
291
262
292
282
280
250
253
274
272
273
267
271
294
265
290
281
275
265
285
287
295
284
274
269
287
287
289
278
284
270
283
295
291
278
263
277
267
278
303
274
263
246
282
280
266
260
271
276
278
255
261
277
264
277
285
257
281
260
271
282
252
288
283
273
290
289
272
280
256
293
305
289
282
278
282
274
304
287
296
266
277
285
269
276
279
261
301
272
283
282
286
285
290
286
290
274
271
280
292
251
268
287
276
278
289
255
282
274
280
263
276
288
295
294
275
282
276
280
285
302
268
297
269
287
274
288
288
276
283
278
287
257
276
294
258
282
296
279
297
273
278
292
291
269
287
269
288
297
278
268
290
262
291
279
254
278
252
291
270
276
280
294
265
267
260
296
286
290
293
265
278
288
266
266
290
256
263
287
269
276
279
286
284
291
272
261
276
279
282
289
289
273
271
291
282
285
289
260
257
283
279
295
286
287
289
263
269
290
293
252
272
269
262
280
258
316
295
278
273
261
292
271
295
281
284
249
252
259
253
262
272
278
288
272
