41
24
30
30
25
32
22
28
33
0
38
0
0
21
0
31
33
18
23
35
36
34
43
27
30
38
42
37
0
0
28
35
0
41
25
43
18
32
37
42
0
37
39
29
32
39
0
33
0
23
41
25
16
42
19
25
0
34
0
36
45
32
35
27
14
28
24
28
39
0
35
51
26
0
25
33
44
0
37
33
32
24
28
0
13
31
22
23
37
27
32
47
38
50
0
39
47
35
34
36
27
0
43
41
34
22
45
41
0
39
0
0
16
30
42
0
0
40
27
49
37
36
27
27
32
38
45
22
0
30
23
55
0
0
35
30
0
29
31
20
23
31
38
30
41
19
29
42
22
24
25
33
24
47
49
22
0
37
31
24
33
0
21
38
19
26
54
28
0
49
33
0
0
17
37
57
32
32
41
30
47
25
39
24
38
31
35
0
44
0
27
36
33
0
0
34
0
45
0
37
38
35
0
29
34
0
38
0
0
37
37
44
0
37
32
42
26
28
33
29
39
32
0
0
35
30
34
0
24
21
0
32
38
25
44
39
31
25
45
34
0
30
0
34
34
0
46
42
0
49
37
28
32
47
31
0
0
40
0
27
34
29
43
38
17
34
32
39
33
42
11
25
40
0
36
44
0
37
44
0
22
37
29
41
0
26
39
50
40
42
29
31
23
31
27
0
0
39
43
47
30
29
26
33
44
38
34
28
33
33
48
33
27
23
29
40
43
51
31
24
0
25
19
28
16
35
48
43
31
22
36
32
36
40
43
36
0
36
0
24
35
45
25
0
28
39
44
30
31
37
21
30
25
0
41
31
34
33
32
37
28
34
30
29
32
24
0
39
0
38
39
34
30
37
0
31
37
35
54
15
41
17
25
0
20
41
31
49
22
25
19
0
0
31
41
29
27
28
42
34
46
32
31
18
35
0
39
0
37
25
40
38
32
0
31
37
29
25
31
37
0
0
0
37
0
44
0
0
0
20
0
27
40
0
30
32
39
0
34
21
44
35
0
29
32
33
41
25
36
38
40
0
23
27
42
22
35
28
0
44
35
36
0
26
40
44
20
43
35
24
32
35
33
0
30
39
42
32
22
22
25
30
29
39
33
29
40
29
17
39
0
0
29
24
37
36
29
47
16
26
