0
0
15
10
0
0
13
14
0
0
0
0
7
0
0
14
0
10
14
10
12
0
0
0
0
12
0
0
0
12
0
14
0
14
0
17
0
0
0
18
10
12
0
0
15
0
0
0
0
9
0
8
0
13
0
11
0
15
0
0
0
0
10
9
10
21
14
15
8
14
0
0
12
0
7
7
0
0
14
0
10
0
0
0
9
19
0
12
13
13
14
0
14
10
0
0
0
0
0
22
5
0
0
0
0
0
0
0
14
0
0
0
12
0
0
14
13
9
0
17
10
13
14
0
0
0
8
0
9
0
12
0
0
15
0
12
0
0
0
9
8
0
8
0
0
11
14
1
0
0
0
0
13
11
0
0
0
0
10
0
15
5
0
0
11
0
0
0
0
0
7
0
0
0
0
0
0
0
9
0
21
0
0
0
0
0
0
0
0
0
0
8
0
0
8
0
12
0
8
8
0
6
0
13
13
0
11
0
0
0
14
0
17
0
11
0
0
17
0
11
0
0
0
8
0
11
7
0
0
0
16
17
0
0
0
0
13
10
0
17
0
9
0
17
14
0
10
13
10
13
10
0
0
0
0
0
9
0
0
11
10
9
0
0
21
16
0
6
0
0
14
0
0
0
0
0
0
0
0
8
0
0
16
13
19
3
16
12
16
13
14
12
0
0
16
0
0
0
0
13
0
16
0
0
17
0
0
0
0
0
16
12
9
20
0
0
0
0
11
0
23
5
0
14
8
16
18
0
0
17
0
0
0
0
0
0
0
19
6
0
12
9
0
9
0
18
0
8
9
12
13
13
17
0
15
7
0
18
13
0
17
11
14
7
13
13
17
9
0
8
15
0
0
9
0
26
0
0
0
0
7
0
7
0
0
14
0
0
11
8
0
0
0
0
0
6
8
0
0
0
11
0
0
0
0
0
0
6
0
17
0
7
0
14
11
10
13
0
0
9
8
15
12
0
17
12
0
0
0
0
0
0
12
0
5
15
13
0
0
13
11
0
3
0
12
0
7
0
8
0
0
0
0
0
0
0
17
7
12
11
0
30
0
0
0
0
0
13
0
16
0
12
12
0
0
14
0
0
19
18
0
0
16
24
13
7
0
0
12
0
15
0
9
13
0
14
0
0
14
0
