60
52
42
41
71
0
60
63
50
56
0
52
50
47
47
27
49
53
71
38
65
61
47
72
0
71
70
115
58
55
45
63
41
52
45
55
87
70
76
0
44
72
45
36
51
61
49
58
0
90
69
78
70
39
55
55
54
62
0
63
0
0
58
73
0
42
65
61
88
50
75
48
24
67
51
63
82
107
54
56
58
53
74
56
73
48
57
67
0
40
40
0
0
0
59
67
64
66
73
0
67
67
70
45
0
83
66
60
0
70
53
74
48
58
65
0
69
85
61
69
0
62
38
82
59
59
53
44
88
70
53
52
46
42
70
42
65
60
57
42
76
58
51
55
59
86
58
65
37
63
29
53
56
52
65
63
65
48
46
90
80
72
54
52
60
57
50
0
72
66
68
78
55
52
49
0
81
52
67
30
0
55
0
0
58
0
0
42
61
48
66
50
86
50
69
88
38
73
66
78
51
75
55
0
63
49
56
47
63
72
60
0
44
75
37
88
66
51
66
0
48
65
50
85
52
50
52
54
0
64
60
0
71
69
0
55
59
57
0
66
73
69
48
0
58
46
0
58
80
34
58
77
73
55
80
0
58
63
47
79
63
65
75
54
64
56
60
37
55
60
71
0
76
44
66
0
61
50
0
0
62
0
79
82
0
63
59
0
65
37
58
0
81
63
76
48
54
74
45
72
76
54
79
46
56
54
52
41
40
70
61
66
66
57
53
65
50
64
76
56
39
39
71
63
48
51
58
45
72
57
51
42
0
54
77
0
63
63
59
91
57
0
50
68
54
61
32
70
47
0
50
72
0
58
72
61
87
77
46
74
91
68
57
59
59
63
50
0
0
64
75
46
54
53
41
68
64
45
35
66
59
62
33
38
0
45
66
0
73
70
61
62
67
64
64
68
75
64
80
0
42
71
44
67
65
65
46
53
0
102
68
82
75
76
53
0
0
72
75
54
70
50
65
48
77
0
84
64
39
52
32
83
49
67
0
54
94
52
63
63
63
54
55
0
88
0
64
80
62
88
60
50
56
0
0
29
39
59
74
51
57
41
82
56
56
78
44
71
73
63
63
65
70
45
80
83
61
0
44
79
87
47
67
48
58
46
82
74
46
79
64
54
85
37
75
62
0
76
0
67
