133
143
186
129
123
158
118
180
168
178
128
152
135
134
132
150
160
137
141
0
145
180
176
134
153
197
149
124
153
181
148
158
143
128
155
95
148
156
186
137
152
156
186
213
222
101
127
156
133
166
194
149
144
148
156
160
159
146
204
159
156
109
197
142
153
204
152
78
142
162
246
169
157
0
118
161
156
158
146
163
182
0
118
123
128
125
160
180
153
163
0
167
136
0
137
138
134
89
139
144
108
173
169
143
178
0
0
0
156
154
163
0
181
142
179
150
123
195
144
0
196
160
161
127
119
185
202
0
97
170
147
138
171
138
159
154
156
176
166
179
199
0
0
182
134
155
193
165
119
170
143
133
150
157
165
151
145
0
172
189
146
194
242
70
169
162
0
120
138
165
144
152
143
0
170
130
144
154
181
166
186
142
149
131
140
158
189
139
119
142
0
174
179
193
174
166
121
0
186
140
146
185
0
175
140
166
0
174
0
121
119
199
161
154
184
147
0
156
131
139
0
173
160
151
113
0
165
182
160
117
145
140
173
175
0
124
0
174
142
150
71
143
0
0
191
187
144
118
150
158
146
162
157
196
166
151
155
137
139
0
143
147
193
135
179
133
141
91
140
0
146
84
151
100
168
183
118
154
156
143
163
162
0
206
203
150
158
178
173
169
143
154
0
175
163
133
122
174
131
127
197
159
189
141
130
150
97
138
128
152
143
0
170
178
0
144
184
197
132
187
183
139
216
199
170
150
118
191
151
156
191
218
162
166
115
0
188
183
179
145
143
108
90
151
145
147
141
123
0
153
111
178
131
160
167
142
149
209
147
184
0
97
79
166
124
165
162
138
126
176
205
160
169
156
0
125
164
111
159
155
184
117
0
140
221
143
181
140
126
120
162
193
180
139
117
150
161
144
166
143
165
138
136
151
137
101
157
76
159
102
121
163
144
123
185
241
0
130
92
182
176
125
182
143
124
170
113
147
178
143
164
0
108
197
135
160
128
145
163
206
168
136
0
150
129
138
136
207
187
198
161
132
145
177
167
109
257
137
0
133
0
124
115
121
150
164
126
186
181
135
169
180
93
151
0
152
130
111
187
139
143
168
116
166
193
0
0
127
178
157
205
170
187
122
170
213
174
151
0
164
