510
482
524
484
464
516
482
487
498
504
558
482
532
490
474
500
485
509
514
456
447
509
487
480
450
524
476
489
492
454
500
458
520
490
500
475
521
497
538
486
514
474
518
514
517
505
511
506
499
489
466
519
491
507
527
505
524
508
538
506
494
485
492
505
542
501
503
498
474
496
529
482
505
507
506
506
500
490
511
501
448
490
501
429
508
495
487
501
490
523
510
459
436
501
529
464
488
523
507
465
470
503
448
504
461
519
511
481
517
436
499
509
465
489
493
511
468
492
479
474
445
522
476
467
525
493
483
521
494
515
513
486
440
499
466
470
513
489
487
515
494
409
489
517
500
489
491
525
493
505
432
501
490
511
531
550
448
486
478
487
500
492
533
510
495
495
522
499
500
514
459
519
530
503
477
510
486
493
535
502
491
479
488
528
476
515
533
468
513
497
515
505
486
495
468
514
497
514
508
518
511
490
476
504
532
491
440
501
547
544
473
540
460
487
471
482
475
492
480
508
507
548
489
502
453
508
504
482
494
511
439
503
511
472
538
478
509
530
454
480
504
512
512
443
550
517
512
518
533
503
538
504
485
501
533
517
504
484
518
500
498
463
481
482
498
532
449
487
507
506
478
504
493
468
531
493
532
479
509
461
532
476
483
491
507
473
470
483
547
504
517
478
497
498
534
520
523
435
486
488
471
511
492
514
494
472
468
499
469
553
468
521
465
487
506
471
503
525
440
461
525
511
535
484
421
474
500
467
505
462
520
514
532
445
507
508
494
519
469
483
503
522
511
515
447
506
504
496
507
510
513
498
428
497
557
465
509
478
475
466
479
495
489
433
478
507
492
495
481
485
493
490
497
483
529
492
485
538
478
498
497
503
496
520
479
475
533
510
495
458
439
490
526
484
471
464
532
515
476
503
462
479
469
515
482
495
522
480
478
498
464
514
490
489
522
525
506
546
514
503
521
450
531
501
494
484
526
526
509
472
500
489
491
452
475
521
475
513
495
496
480
472
506
491
484
467
506
548
474
489
515
459
480
500
504
468
510
492
459
533
528
469
496
506
435
538
537
512
541
508
468
486
492
505
480
504
459
511
481
474
510
487
503
533
514
485
480
440
497
492
526
480
522
462
502
494
465
491
493
491
