56
52
31
51
58
77
67
47
62
56
59
42
51
58
64
69
56
53
69
72
49
40
64
47
52
63
60
58
40
59
56
58
60
44
48
55
61
46
57
52
55
51
52
59
56
71
50
46
0
61
54
58
40
62
52
51
44
57
55
59
67
51
69
68
38
47
29
60
56
41
42
68
49
50
49
57
54
43
62
67
74
66
55
0
65
56
66
55
66
61
61
59
62
58
60
63
60
47
56
48
48
53
68
61
61
63
57
75
62
59
60
53
70
60
59
41
64
40
52
62
48
57
55
61
58
58
67
48
51
63
35
56
45
42
67
72
49
51
52
65
53
62
49
62
61
54
61
72
52
52
48
52
67
59
62
63
48
51
61
57
62
58
58
60
38
58
72
0
48
61
57
38
45
51
55
49
54
58
66
52
64
73
56
62
62
53
60
49
61
58
66
59
40
39
56
55
54
62
59
0
60
60
49
66
59
49
49
31
0
58
54
79
62
41
64
58
47
44
63
39
55
46
40
65
59
61
62
36
54
60
62
85
70
42
61
0
66
59
47
62
55
68
71
65
50
44
73
49
54
57
52
60
48
69
60
56
53
58
51
63
46
58
57
63
0
61
48
62
60
69
47
48
67
47
46
62
41
57
72
58
0
40
69
70
69
41
67
44
60
0
44
58
54
41
48
53
51
57
62
40
65
66
50
55
61
67
57
55
49
61
49
82
51
59
67
70
52
67
48
27
61
56
66
41
48
56
54
55
71
43
53
50
60
56
62
64
57
66
53
0
70
0
58
54
54
66
65
62
61
52
64
59
61
52
57
55
54
40
71
62
56
46
56
55
55
51
54
48
72
56
55
57
56
59
57
56
75
42
64
65
58
68
53
60
62
60
55
65
49
49
62
41
53
46
55
49
50
63
58
58
46
61
45
53
51
52
49
46
60
46
71
69
48
57
47
39
62
55
52
57
49
44
55
63
33
69
53
47
0
51
48
46
51
52
59
54
78
50
67
54
59
51
55
58
69
82
41
51
61
55
56
63
72
63
65
47
66
44
53
44
56
52
42
55
60
56
0
55
58
56
54
62
43
52
68
58
59
65
60
0
64
58
54
55
58
54
54
0
54
68
45
49
57
52
52
64
56
42
52
59
