381
398
379
392
394
402
426
421
390
379
398
392
385
396
387
370
374
406
411
386
401
402
388
385
407
377
408
408
375
410
387
415
395
386
392
384
394
396
381
375
407
388
400
395
397
412
403
406
413
421
391
375
397
398
397
383
378
402
372
395
403
390
381
404
397
397
378
378
410
358
405
382
380
402
390
385
386
421
350
393
392
406
400
357
411
413
434
365
410
402
407
389
413
374
387
429
378
381
417
389
388
410
417
377
373
402
361
415
396
420
407
392
375
390
407
395
376
398
392
382
374
393
397
389
429
377
384
428
388
392
422
403
394
368
402
363
402
367
421
409
418
389
390
394
383
400
412
407
392
414
363
374
360
390
384
382
408
386
404
379
384
395
418
392
413
401
395
380
404
424
405
391
396
406
383
389
371
403
382
378
386
363
406
385
411
397
386
385
396
411
378
363
395
380
391
398
381
432
358
377
403
418
420
399
392
397
386
380
410
433
397
403
380
374
386
372
368
361
392
400
416
413
376
392
397
403
398
389
384
352
412
384
392
373
367
381
393
418
384
367
388
396
379
389
386
392
365
395
371
400
385
386
384
389
381
404
410
387
359
365
409
382
377
396
384
403
386
395
363
382
374
384
357
368
390
369
420
416
414
418
382
386
385
395
361
422
408
400
382
403
384
400
401
379
424
429
408
402
399
384
400
404
385
393
380
392
365
434
366
370
399
414
376
396
408
402
384
426
411
390
422
377
380
395
405
406
370
381
386
390
395
383
384
371
394
411
358
400
409
398
416
361
401
385
384
396
406
400
407
412
403
383
403
418
386
383
414
377
394
409
378
368
391
383
361
377
394
383
404
372
403
405
363
397
404
382
362
373
402
403
374
385
393
387
390
381
385
415
387
405
391
388
387
393
380
405
389
385
404
392
387
417
402
386
393
394
416
409
392
389
387
386
397
401
389
397
373
401
417
394
439
413
384
372
407
398
394
402
405
362
386
367
391
387
375
390
401
385
405
399
374
382
372
410
387
404
409
380
368
385
393
426
409
390
374
420
378
409
374
387
425
380
415
396
388
374
376
389
428
411
378
392
383
409
406
409
402
418
379
393
407
379
396
370
417
415
405
372
399
417
395
398
416
371
415
394
394
377
384
408
