215
191
183
195
256
179
175
251
230
235
216
219
167
194
199
201
230
202
207
212
206
206
235
186
196
200
188
213
212
205
216
233
217
197
202
216
208
235
205
231
202
210
220
215
196
204
211
211
255
215
185
208
212
219
181
248
198
199
205
187
233
192
213
202
205
192
194
210
207
224
235
185
210
188
223
238
226
254
183
229
204
216
227
229
189
194
201
187
166
232
210
246
233
228
176
215
188
188
206
236
177
206
204
215
181
217
218
223
209
219
185
212
198
199
216
196
250
198
195
218
173
224
199
194
211
215
197
189
264
222
242
239
229
197
240
236
174
232
226
170
206
203
210
215
234
178
178
205
205
203
230
176
194
197
207
207
226
210
173
234
242
192
222
237
199
242
213
219
197
232
234
223
217
247
244
215
198
228
245
211
217
254
194
209
196
0
228
185
215
207
202
189
206
210
152
239
244
183
219
183
193
206
231
204
241
232
249
223
220
182
220
244
218
164
213
232
175
240
210
207
205
171
212
202
223
212
193
191
255
222
168
209
216
198
228
239
185
196
208
192
180
216
177
205
200
206
183
234
202
157
251
215
223
173
241
214
205
262
200
222
203
157
223
236
227
176
212
198
233
201
200
190
250
194
203
254
238
213
207
213
258
209
160
195
182
205
171
209
232
230
211
196
233
246
194
214
230
214
237
163
215
194
231
224
219
258
218
203
233
159
171
226
236
185
189
252
193
253
204
227
177
176
248
213
239
187
202
224
148
223
231
226
201
219
199
203
200
226
174
209
241
212
245
240
211
218
209
211
184
261
228
209
207
198
185
232
229
250
213
243
205
206
167
231
215
181
216
222
209
201
255
208
204
194
177
202
208
200
253
193
206
209
196
183
205
227
205
224
179
200
203
227
190
228
203
224
214
215
264
227
223
225
224
232
215
176
219
217
217
206
196
193
193
192
221
226
202
233
178
230
197
224
201
206
195
230
190
219
192
210
175
203
198
239
250
191
163
229
162
204
209
194
223
0
219
198
200
212
192
152
234
256
207
211
186
196
240
204
231
202
225
223
204
214
0
234
242
239
205
224
216
211
204
216
196
230
253
185
217
214
173
219
195
205
218
245
158
195
235
195
205
219
221
225
203
207
182
210
224
218
