975
1011
978
988
957
948
971
1049
982
1024
946
990
1036
1042
987
1073
1077
1007
1011
993
939
1074
1094
979
962
981
985
957
1054
1059
969
965
981
992
975
1021
953
1000
975
1015
1058
1082
1071
969
1046
991
1079
1064
981
1069
1016
1132
955
993
1029
953
984
1010
1026
993
945
1019
969
1034
997
1037
970
1012
1016
1072
982
998
1009
970
970
973
1043
973
982
1011
1038
1000
932
1063
983
1065
1008
1072
1023
1067
967
1062
994
975
992
1000
979
1020
1077
991
986
970
1081
1023
943
1032
1031
1025
1020
1102
981
1032
1011
1089
1063
998
1003
960
1033
1095
958
1087
1028
1008
1040
1017
942
966
977
990
997
961
994
1003
1124
961
1014
1065
1016
1017
1017
985
972
1052
1070
1038
1019
962
963
973
1044
973
979
977
1142
976
1059
1076
977
987
983
1062
1093
960
969
1003
992
1014
975
973
1003
984
1031
972
936
989
1023
1036
982
1050
986
1052
954
994
1039
969
1033
1008
988
969
964
1103
987
987
957
984
1000
990
995
1107
1037
1068
958
972
956
980
1011
1059
1101
1009
1054
1099
973
954
999
1071
968
986
991
1015
1028
1068
997
953
978
915
950
1066
944
994
973
980
988
971
1000
1052
983
916
974
964
993
942
962
1015
1092
1041
1011
959
1012
968
994
1189
1043
1001
970
999
1047
1038
999
960
975
1126
974
1023
1124
959
1003
971
1001
1038
1005
1000
983
1000
1077
1050
1090
949
990
1013
1026
971
941
1081
988
1016
1018
1026
995
1009
1019
1026
995
960
997
1000
985
946
1003
1024
1057
967
966
976
1020
949
967
997
958
1033
1082
1030
964
1026
973
1080
984
1006
957
994
979
991
1005
977
1030
1042
1055
971
1004
1000
986
985
1115
993
1039
1071
1008
959
963
1036
995
993
1072
963
933
1061
1016
1031
1096
967
975
942
1055
979
955
1020
970
1010
1051
998
1009
1134
1083
966
971
1024
1083
976
970
975
998
1097
1021
1081
1046
961
981
972
1014
998
1010
980
971
1085
938
1018
970
988
1007
1006
950
1010
985
985
994
987
1082
990
1013
995
1019
1086
1004
958
997
941
1002
997
983
997
1076
1112
972
1033
1027
1094
973
1025
1021
1060
1044
1008
1033
1037
989
974
1057
949
998
1010
957
1097
961
974
1096
972
976
977
976
990
1038
968
1110
1007
1084
1010
1048
1084
1003
1099
1035
1005
1064
973
1050
1018
1022
1015
991
994
1048
984
963
1003
998
1004
1069
976
928
997
1035
987
1000
1066
1101
1030
952
970
977
1045
990
1002
991
1028
994
997
1015
987
946
965
1048
969
978
959
972
1018
1082
979
1004
1028
