118
135
174
153
0
168
174
154
140
150
149
153
172
155
134
116
171
152
111
123
141
146
131
147
123
151
124
156
140
134
126
176
148
127
156
127
134
153
152
120
145
134
138
175
135
138
164
151
139
145
136
167
0
148
176
150
145
150
187
134
158
156
153
143
132
134
120
149
157
139
157
139
146
133
155
141
138
137
164
141
149
147
145
140
148
149
138
142
132
158
109
155
140
141
135
151
95
182
152
139
165
132
127
153
148
156
126
158
154
161
142
143
137
137
165
154
153
138
161
151
133
134
141
158
150
123
136
134
148
110
138
151
130
181
148
159
163
135
164
151
159
135
147
136
116
161
162
153
166
149
149
164
155
160
120
103
133
146
157
166
140
152
138
153
145
150
165
122
159
154
172
157
133
158
147
152
169
139
144
162
113
161
142
148
164
145
161
104
103
145
147
117
159
151
136
160
90
170
162
156
128
133
156
115
128
152
167
144
129
138
127
155
122
138
143
149
135
142
132
144
164
155
156
133
108
151
138
158
118
134
117
143
152
149
112
128
85
143
130
142
151
137
141
116
164
154
159
125
135
152
135
155
141
155
127
136
146
148
161
154
148
138
154
128
151
157
162
168
121
167
100
119
158
136
143
180
147
153
140
142
170
142
104
162
170
139
143
159
126
140
152
181
162
160
155
132
121
112
108
118
150
157
112
129
134
128
148
128
128
150
136
146
167
138
161
130
131
118
159
160
155
139
154
138
141
137
147
133
136
119
154
161
164
129
136
158
138
155
160
141
145
122
105
137
126
175
150
128
125
151
134
152
155
154
112
154
132
136
141
168
150
167
148
145
147
145
137
131
157
134
164
152
159
131
125
132
182
93
159
142
160
147
153
164
120
180
141
140
158
164
132
161
138
161
179
99
169
158
139
121
151
116
135
121
142
153
131
158
145
136
128
147
163
132
175
136
161
123
133
114
146
154
154
128
159
153
162
132
136
167
147
146
145
130
148
123
0
119
128
177
151
150
151
145
141
144
128
147
148
163
147
131
162
146
170
166
138
161
124
138
140
127
134
117
146
123
144
124
163
139
172
167
150
163
135
145
139
131
154
134
127
149
130
153
151
172
161
158
130
149
118
155
145
127
112
155
152
157
178
125
