783
784
800
852
746
772
782
781
794
769
777
785
878
773
766
827
773
772
874
822
794
808
774
812
789
805
868
772
779
788
826
760
790
797
795
821
798
798
775
812
835
782
802
798
786
846
780
742
822
795
795
804
801
756
777
793
860
780
784
806
794
794
835
825
788
776
741
795
853
780
889
792
809
778
785
799
768
794
763
782
744
831
793
784
831
763
784
774
761
784
774
832
791
784
781
790
847
852
781
774
785
847
817
760
769
793
808
799
781
815
784
821
807
786
843
798
810
779
757
774
796
781
781
788
801
795
774
793
762
790
822
800
763
770
765
782
764
850
803
745
870
779
756
739
852
773
787
808
802
795
786
772
777
756
790
824
782
852
854
809
813
761
818
753
779
772
803
790
755
793
784
818
808
792
799
777
830
818
849
770
871
765
821
777
777
786
799
811
801
795
793
783
765
818
782
801
797
786
794
847
779
758
809
788
805
773
782
787
810
811
769
798
786
752
816
809
809
737
770
797
795
772
784
805
779
795
733
805
777
774
743
781
785
757
767
769
806
840
786
794
757
758
772
776
794
776
767
838
771
787
790
816
836
794
759
820
782
794
801
758
785
766
804
769
759
840
787
782
782
811
777
832
785
777
811
795
781
761
848
838
797
759
791
769
750
825
771
816
817
803
779
843
744
752
781
759
762
734
796
782
777
793
790
789
809
807
765
845
779
808
762
809
769
818
792
794
836
790
767
865
776
758
858
770
798
784
774
752
792
755
798
834
820
818
855
817
788
782
777
799
776
785
782
781
801
765
776
799
817
781
863
866
823
761
747
802
817
778
831
770
763
776
788
775
794
831
796
798
760
788
844
789
836
783
790
742
838
774
760
777
786
827
739
806
858
822
809
763
834
770
772
764
785
796
799
761
797
786
791
772
790
824
831
791
773
792
815
786
794
781
789
797
833
790
814
780
778
793
784
777
789
800
798
778
831
825
794
800
770
794
803
783
772
798
758
821
786
791
777
772
815
848
800
852
776
794
777
879
773
798
756
833
755
779
801
783
806
806
805
817
799
769
809
778
791
800
779
781
832
774
762
801
840
792
775
773
798
778
809
791
752
804
790
809
864
842
751
805
754
807
783
780
800
772
753
813
786
816
778
782
