158
146
139
142
153
152
147
165
164
164
163
148
138
141
161
145
146
153
162
142
148
159
150
157
130
149
160
147
165
144
130
151
163
160
157
170
126
144
147
147
150
150
143
136
150
149
161
155
143
158
171
160
145
141
145
143
142
148
143
165
150
147
138
144
158
155
165
152
135
141
135
153
147
147
161
156
159
154
153
162
151
148
146
128
142
158
151
152
148
153
144
149
147
148
144
138
154
142
156
165
146
155
147
152
153
131
157
155
143
150
155
140
152
137
142
150
150
139
146
161
142
149
142
151
155
166
150
136
151
155
139
160
155
153
147
147
144
139
132
169
157
155
152
163
138
139
147
147
141
165
148
152
150
155
145
151
148
134
159
152
157
151
154
134
157
137
132
156
152
147
149
135
149
161
147
153
160
141
150
140
160
143
155
142
137
154
147
159
151
144
153
155
136
147
153
140
144
145
140
135
151
142
149
162
145
151
145
142
144
139
138
152
142
140
142
133
146
151
152
148
155
151
135
156
150
144
152
146
137
135
162
146
149
157
167
142
140
136
155
154
152
156
157
153
141
155
138
145
150
150
138
138
127
157
142
149
160
152
155
142
160
147
143
142
148
155
160
147
144
156
150
146
130
141
144
138
161
133
160
143
138
143
155
168
145
154
146
147
145
158
160
154
147
151
158
156
147
138
162
158
146
151
150
156
143
148
139
150
149
151
157
158
156
140
148
147
150
159
151
152
142
157
152
152
150
126
143
157
144
157
140
154
134
155
134
149
142
163
152
155
155
151
119
134
155
156
151
159
129
147
139
160
141
134
176
155
152
158
147
154
145
173
141
164
139
138
150
149
161
144
145
163
151
153
158
164
156
147
144
142
150
135
155
144
169
150
144
131
152
158
162
156
157
140
150
158
154
165
153
150
145
146
145
146
161
151
153
154
141
137
144
162
143
143
145
142
148
132
144
156
157
159
180
142
155
144
131
147
159
175
151
147
134
147
141
141
164
143
136
157
133
160
140
156
162
154
151
144
142
147
158
142
148
157
141
140
138
142
154
137
155
174
150
147
137
163
129
156
162
151
150
133
152
157
143
144
156
133
157
142
133
141
151
157
150
143
167
153
144
162
151
138
144
142
127
135
139
151
158
160
