43
56
54
31
38
38
32
29
35
49
42
45
35
42
48
38
51
41
44
34
0
47
40
35
46
36
30
47
52
41
39
39
52
32
39
56
38
36
43
43
45
37
0
37
37
36
0
44
44
42
51
39
41
46
27
33
33
40
42
43
35
32
33
37
45
36
41
28
0
28
34
55
46
33
40
29
51
45
41
36
48
39
39
0
38
36
20
38
35
34
51
28
44
41
44
36
38
0
41
44
51
41
34
40
0
36
39
41
42
0
36
30
41
28
37
41
32
36
29
38
45
28
38
0
41
41
35
37
48
43
32
51
34
32
27
38
25
36
37
45
47
43
0
33
36
37
57
33
45
36
40
48
38
37
0
25
35
46
0
38
36
26
43
42
48
44
47
35
46
49
38
38
40
45
33
0
0
0
48
0
40
0
38
34
41
37
36
38
0
0
37
40
34
42
36
35
37
41
39
49
36
0
46
49
47
39
52
0
42
32
33
38
30
38
39
0
37
33
35
36
34
45
0
44
28
38
39
39
35
36
38
42
33
40
33
42
33
46
45
46
27
39
32
23
32
33
36
47
34
48
35
34
32
52
45
46
40
37
50
39
33
29
39
39
0
35
39
35
0
38
47
46
32
0
33
34
34
31
45
36
37
45
30
56
49
41
44
36
35
38
45
30
34
40
0
52
37
46
35
51
33
34
42
0
46
33
44
32
26
0
40
51
37
34
37
46
39
24
42
37
30
38
43
54
36
45
45
48
46
0
28
43
39
0
0
39
38
42
34
39
45
34
29
23
31
39
34
46
45
0
32
49
31
30
46
31
0
38
42
26
36
48
42
37
31
30
39
54
42
29
45
0
35
39
35
33
44
37
35
37
44
32
45
41
51
37
0
29
30
53
40
32
39
41
21
48
38
40
36
28
39
41
41
55
42
32
37
30
0
0
33
35
40
42
38
31
34
39
44
43
24
39
45
40
38
39
36
42
40
47
39
46
27
35
29
25
0
42
43
45
0
45
37
43
0
41
33
32
27
40
47
0
40
42
0
29
24
43
33
34
42
29
24
45
33
34
31
46
51
30
30
38
34
37
46
41
31
45
38
49
26
35
39
49
46
28
42
42
50
0
37
31
44
37
32
39
43
39
42
33
