440
376
420
463
447
361
419
386
368
488
460
359
397
337
311
412
432
409
441
421
416
425
439
383
411
414
336
363
389
389
381
509
394
401
387
396
356
373
382
427
440
550
428
416
438
380
372
411
370
417
357
411
331
380
383
415
343
385
369
436
404
395
397
380
404
442
398
379
343
382
400
370
415
450
360
417
331
378
382
404
391
366
301
409
398
393
449
384
427
392
397
457
389
385
406
459
435
348
407
400
403
427
388
445
373
401
389
405
420
393
473
353
370
422
386
395
414
478
422
383
343
429
430
396
316
444
368
393
433
370
439
383
393
406
408
404
413
321
467
402
382
438
384
418
402
406
433
365
385
394
382
318
489
444
432
409
384
410
351
385
395
390
405
429
372
374
408
453
420
460
383
414
446
422
427
432
423
425
397
397
393
427
362
419
465
401
377
480
416
428
384
396
363
395
427
385
398
364
396
448
458
442
371
434
370
402
395
411
389
410
413
346
399
340
426
381
393
312
488
375
445
378
391
435
407
384
376
435
399
337
356
418
417
416
415
408
586
336
444
354
465
385
397
391
377
415
392
373
460
430
396
320
410
400
424
396
396
407
449
444
390
417
379
358
456
437
425
434
359
426
512
421
375
443
425
432
524
363
370
361
441
403
418
407
376
436
410
381
377
398
344
404
428
376
365
442
387
367
428
413
417
399
421
414
421
385
449
361
358
409
343
401
413
402
431
435
443
411
400
413
433
376
360
465
403
385
344
387
383
370
389
482
461
397
355
443
375
346
469
490
375
418
371
385
433
376
409
352
426
336
310
400
382
429
355
395
382
442
372
339
376
410
456
373
331
454
461
362
380
390
329
380
445
387
369
400
433
388
388
387
376
363
477
382
441
382
471
421
391
453
445
385
398
422
403
368
390
414
404
413
411
428
388
404
394
394
366
404
419
405
472
432
461
388
506
393
460
426
451
392
410
486
474
405
412
445
320
437
403
373
390
361
396
403
394
443
435
382
382
334
379
422
417
445
412
374
408
403
436
335
301
407
430
298
391
407
390
395
404
442
362
393
425
383
407
412
405
423
406
409
414
374
435
600
457
515
381
383
419
424
396
341
365
386
388
387
446
392
405
373
390
407
424
374
411
413
402
349
395
382
