279
265
267
264
295
287
272
264
272
276
245
276
284
271
259
272
242
291
286
267
273
271
264
257
267
249
286
290
289
270
290
234
281
267
292
299
270
294
294
273
277
293
262
289
296
283
287
273
264
289
256
274
303
260
287
268
267
284
269
289
298
283
269
282
241
276
294
323
291
281
277
295
290
284
295
270
279
255
269
293
286
251
279
254
290
289
276
272
256
295
287
257
291
294
286
301
284
256
258
285
297
277
283
305
290
295
283
270
301
286
264
274
302
274
250
247
258
272
289
292
269
303
283
279
277
284
234
261
264
251
291
292
268
274
301
271
273
273
289
285
258
295
297
298
269
263
263
274
252
233
278
280
290
301
281
262
283
271
287
264
287
300
258
268
304
257
267
286
256
295
299
280
256
261
266
281
292
283
286
286
267
280
275
273
270
279
275
237
253
264
288
241
288
285
276
292
303
275
284
273
288
277
293
254
287
269
276
257
266
268
314
287
275
280
262
270
263
270
273
264
287
270
286
276
293
298
283
267
264
276
295
272
309
275
293
260
264
299
251
260
281
267
279
256
280
293
287
294
261
278
263
291
254
295
273
277
286
268
281
282
279
282
284
281
303
287
266
253
248
267
254
290
288
254
287
278
241
255
293
288
294
278
290
273
292
278
282
225
285
271
266
297
310
277
266
281
314
275
282
279
277
253
274
273
278
283
257
285
285
299
251
286
272
290
273
279
274
277
269
277
252
242
270
285
257
245
287
295
251
286
298
284
280
283
283
273
254
273
302
264
259
269
284
276
280
271
261
272
281
282
302
273
265
288
260
267
247
270
278
289
272
276
265
293
285
256
290
279
302
278
279
272
292
280
294
286
289
252
261
276
299
299
268
292
263
276
272
281
274
285
266
267
285
297
269
283
307
288
268
250
281
295
284
293
296
284
237
291
248
281
241
293
246
289
275
254
265
262
249
301
282
276
271
262
283
288
290
277
287
262
274
305
255
301
282
289
254
275
302
282
282
313
274
282
282
271
288
255
258
309
267
276
308
285
268
297
252
272
253
265
271
281
289
260
295
279
259
305
254
258
277
260
293
275
287
291
273
256
280
270
235
263
273
287
288
300
296
242
271
243
292
273
279
259
272
282
247
271
266
269
