214
208
205
236
198
207
205
216
216
241
232
197
204
217
211
210
208
216
220
209
208
217
218
216
216
204
231
214
213
231
199
225
207
241
208
198
209
193
214
200
202
212
215
215
219
207
195
206
214
202
216
228
209
212
208
225
210
210
215
203
203
204
214
221
218
200
215
216
217
199
198
228
215
201
215
202
240
205
236
201
216
227
226
213
210
218
203
230
230
221
231
206
230
210
224
228
225
208
200
207
195
207
229
216
231
209
195
215
225
224
236
214
221
235
219
213
199
206
201
216
212
230
230
204
230
219
212
211
203
226
211
194
224
227
205
225
227
209
187
206
195
211
212
209
205
202
200
213
232
219
198
218
208
221
243
219
219
211
230
241
211
232
206
219
185
216
223
206
217
227
199
205
206
216
216
219
222
215
221
223
209
218
220
214
225
206
193
197
214
229
209
217
194
200
180
215
195
211
227
222
223
185
218
207
197
230
208
204
220
214
207
219
219
199
225
217
235
215
233
210
220
210
203
219
209
226
220
205
202
213
211
206
221
200
211
209
225
193
217
216
210
203
203
239
231
218
230
204
197
220
216
194
207
236
215
204
225
211
220
218
217
203
206
228
213
213
189
224
213
228
194
199
208
201
231
192
205
221
215
193
211
226
200
220
211
208
236
216
222
235
213
228
196
220
202
217
226
214
215
191
228
222
220
230
217
212
223
217
200
201
210
227
217
210
197
209
223
224
208
209
199
219
230
197
222
204
203
229
211
173
224
208
218
213
223
202
217
226
196
212
222
220
235
219
231
204
206
210
189
210
220
207
224
221
200
219
193
214
213
213
218
225
223
195
217
228
213
213
217
204
214
215
242
200
207
202
223
200
218
211
214
200
196
198
212
225
205
221
216
207
215
238
223
219
197
197
222
221
206
216
211
214
216
228
202
218
201
206
218
217
214
222
221
215
217
196
218
216
203
210
224
222
228
200
211
246
207
197
222
195
201
205
210
217
219
219
230
207
233
213
211
214
215
225
222
209
226
200
228
196
234
230
227
236
230
195
203
198
213
229
219
209
229
209
210
207
219
229
211
195
222
213
230
194
217
208
240
245
216
205
204
199
236
230
216
196
219
225
222
234
212
208
205
223
198
218
210
209
214
215
