0
0
23
16
0
26
25
20
0
0
0
0
14
0
6
22
30
22
19
18
0
17
15
11
0
27
0
19
18
15
0
13
0
13
0
0
20
12
0
0
0
22
21
14
22
0
17
0
0
0
0
22
8
16
20
20
0
21
13
22
0
23
0
25
0
21
11
0
12
25
12
18
0
0
0
20
12
0
24
13
0
0
0
0
15
21
0
15
16
0
0
0
13
29
0
19
20
0
0
0
18
0
20
18
0
0
23
0
0
17
0
14
21
0
0
22
0
14
0
17
23
20
24
18
17
0
19
0
22
0
15
0
0
26
20
15
0
0
24
0
18
0
0
0
22
14
19
20
0
13
19
0
17
18
21
19
0
0
19
0
12
19
20
0
21
0
0
0
14
22
17
0
13
0
0
0
0
0
20
0
22
0
0
0
0
22
21
16
0
0
18
0
21
18
13
15
18
15
0
27
19
0
0
0
14
0
0
0
0
0
23
0
24
10
17
18
0
12
15
22
20
19
13
0
0
0
12
0
16
0
28
18
0
16
0
0
0
19
0
23
0
12
18
11
17
16
17
23
27
13
19
0
0
0
0
17
19
22
0
0
15
0
0
16
22
13
0
16
27
0
0
21
15
0
14
0
0
0
0
11
0
15
12
19
19
0
25
16
15
16
0
16
13
14
23
16
10
18
13
0
11
23
13
0
21
0
15
0
21
14
17
21
0
30
0
0
15
0
0
0
22
21
21
27
16
17
18
0
17
17
17
14
0
18
0
0
12
14
0
24
13
14
0
24
15
21
14
11
0
12
12
21
22
20
21
18
0
0
23
14
23
18
19
15
7
16
21
25
0
19
21
25
15
0
0
23
0
17
15
0
0
17
19
16
0
17
17
14
21
0
0
0
0
12
0
23
23
0
0
13
22
18
13
0
0
21
0
16
18
17
10
18
14
19
26
19
20
0
20
21
27
15
18
0
16
19
0
0
0
0
11
13
21
21
9
26
11
14
0
14
22
14
0
0
24
0
17
0
19
17
0
17
10
0
0
0
20
18
17
14
0
25
0
0
18
26
0
14
0
17
0
17
0
0
0
15
20
0
19
16
25
0
0
29
20
18
13
0
21
24
25
0
0
18
13
15
18
26
0
0
