0
20
0
21
0
17
0
23
0
0
10
0
0
16
0
0
17
27
15
21
18
0
0
23
0
27
18
15
0
28
25
42
0
0
16
18
18
0
21
10
0
26
0
0
26
0
0
0
0
0
14
18
0
26
31
0
0
15
28
14
0
23
18
16
0
0
25
0
0
0
0
21
24
20
0
24
24
18
0
18
37
12
0
19
0
39
0
19
29
25
16
9
0
27
0
26
23
29
18
14
0
0
26
27
16
16
32
0
19
22
0
0
17
13
15
0
0
0
30
0
17
24
0
34
0
0
19
21
0
21
0
19
14
0
19
19
22
17
20
0
23
21
0
0
27
0
30
25
0
0
0
0
28
29
19
14
0
27
20
13
19
0
17
0
0
26
29
0
0
13
33
24
21
25
21
0
15
0
0
0
0
25
0
0
16
0
0
16
0
9
35
18
14
11
25
22
14
24
7
17
24
15
0
30
21
13
22
0
23
0
29
25
18
0
31
21
22
11
20
0
32
23
17
19
22
0
20
29
17
0
0
26
0
0
29
17
0
28
0
7
13
18
28
31
28
21
25
22
0
21
14
18
0
0
0
19
23
10
0
20
0
25
0
0
18
0
0
18
17
22
26
27
0
13
13
14
0
19
17
0
28
0
22
0
26
16
28
26
17
26
23
0
18
18
19
0
24
24
0
22
0
19
27
0
0
16
26
32
21
0
26
27
15
26
24
26
0
0
0
21
0
8
22
0
16
13
36
17
0
0
23
19
29
0
17
0
0
29
19
23
18
0
23
0
21
0
0
20
22
21
17
7
0
0
16
0
17
20
20
20
0
0
26
22
0
16
14
0
0
22
27
24
0
19
19
12
21
25
26
0
19
10
0
0
29
0
29
16
14
21
0
26
26
27
0
18
19
0
17
35
24
0
27
19
0
0
15
29
14
23
0
14
0
0
14
15
13
0
0
0
18
14
0
0
0
15
0
12
22
31
0
0
22
0
23
0
20
0
27
14
0
17
0
23
14
17
19
21
14
23
0
0
0
0
29
25
21
31
0
23
27
20
0
19
11
0
0
14
27
0
22
29
15
29
24
32
32
0
0
17
0
22
0
14
23
18
29
33
0
0
20
29
0
25
17
20
0
17
20
15
