24
0
0
31
0
35
34
33
28
23
27
34
29
39
36
39
38
27
22
31
28
33
30
26
34
54
30
39
27
32
30
24
28
30
0
0
0
27
26
20
25
30
40
25
26
35
25
32
40
25
39
35
21
32
0
23
21
28
35
32
38
0
30
34
0
17
29
31
29
23
0
29
39
36
33
31
29
28
27
28
29
35
0
39
25
29
35
28
29
33
0
26
26
29
16
27
42
0
0
0
38
33
25
38
27
41
33
23
20
0
0
30
23
35
0
28
28
23
25
34
28
29
34
21
31
27
27
0
35
29
36
32
27
27
25
29
34
27
24
24
31
0
30
36
41
33
30
0
35
24
22
33
34
40
33
35
29
20
33
28
35
26
0
34
32
19
25
0
0
29
30
29
24
22
29
22
0
33
28
33
38
22
0
22
0
22
29
21
22
21
28
25
29
31
34
28
29
31
42
30
23
23
25
0
27
0
27
34
0
0
33
23
31
0
23
0
27
29
37
22
30
34
25
23
30
32
27
31
26
31
31
38
35
35
35
0
30
31
24
26
36
27
0
23
0
22
0
39
34
26
28
27
0
22
26
30
37
32
35
28
32
23
37
0
32
31
26
26
24
30
23
27
29
32
36
27
21
29
25
25
32
32
0
28
26
24
31
27
27
37
35
0
21
24
37
31
27
36
0
0
33
25
35
0
29
26
31
22
20
0
29
26
25
33
27
27
0
0
27
30
47
20
34
34
26
36
42
20
28
0
35
35
25
0
21
28
16
35
25
34
29
29
0
41
30
30
0
23
30
29
32
40
27
22
31
34
0
27
41
26
25
23
30
29
28
27
20
34
28
25
37
28
26
27
43
35
0
25
28
37
28
0
0
0
25
28
27
33
26
19
39
24
30
31
27
19
30
36
14
28
38
32
24
35
29
26
29
27
21
30
27
32
0
37
37
31
0
26
27
25
0
33
31
34
0
0
0
26
37
27
33
0
24
37
26
36
33
30
25
39
30
31
34
28
31
33
27
25
25
21
19
32
41
17
0
32
0
26
34
29
28
39
36
21
35
0
33
24
27
29
33
24
20
37
33
29
0
21
32
29
22
0
31
39
31
29
28
27
0
27
25
0
32
38
33
27
30
31
24
25
