109
114
122
115
123
106
101
92
113
119
109
105
116
120
112
112
130
116
114
114
115
102
103
122
101
112
106
113
118
104
112
127
127
121
97
120
103
99
125
116
90
112
121
109
101
110
106
101
115
115
110
106
109
102
120
114
121
111
109
117
101
105
115
126
116
131
112
101
122
94
99
126
108
108
103
112
122
106
107
100
128
108
119
124
115
121
102
120
106
119
124
111
117
112
124
115
103
112
103
112
113
104
111
111
106
110
86
128
99
119
106
114
108
125
104
112
119
88
101
116
102
131
119
110
118
120
111
100
103
131
102
116
127
136
109
124
114
116
110
113
119
124
126
128
111
114
112
112
126
119
116
117
116
97
121
100
107
115
107
117
119
104
109
110
110
111
116
105
106
114
107
117
100
102
104
109
109
92
112
108
103
122
116
110
114
99
99
99
107
119
103
117
101
102
116
106
100
111
95
100
118
109
123
108
100
116
102
112
116
118
125
121
108
92
114
115
88
111
129
90
116
101
111
109
111
112
102
119
93
103
120
116
110
117
130
111
110
109
120
109
109
102
109
119
125
98
112
105
97
118
102
115
117
126
104
108
129
122
104
104
103
88
100
125
110
111
111
107
116
116
105
94
109
111
115
107
124
134
112
99
119
112
107
103
132
98
120
122
103
104
113
108
114
118
124
108
122
110
95
110
119
123
115
109
105
108
106
97
126
119
107
106
132
125
123
114
127
130
123
110
92
99
109
87
104
99
112
120
117
90
108
121
106
118
107
113
96
136
110
132
101
91
108
103
113
122
110
113
103
110
123
91
103
118
101
122
103
110
111
105
122
112
133
104
102
82
116
108
118
108
123
140
127
100
124
105
132
104
107
109
106
99
116
110
123
111
132
113
118
103
128
118
114
110
121
115
113
117
110
116
105
113
104
102
101
87
99
108
120
117
108
120
128
98
121
100
117
119
104
111
124
112
107
112
116
105
107
91
96
83
111
100
94
109
114
107
119
119
117
112
105
113
113
123
112
131
122
119
131
113
117
104
117
119
117
119
109
118
95
115
114
115
119
96
119
100
98
107
112
99
108
102
119
109
99
111
128
113
118
95
122
121
119
99
115
105
116
111
109
125
104
115
93
105
123
114
114
119
106
101
