86
102
108
97
125
119
112
86
116
105
100
112
113
101
129
104
114
86
117
121
118
94
88
144
82
114
86
121
122
133
96
112
72
115
116
113
103
107
74
108
118
101
114
92
126
136
105
98
103
131
128
97
111
128
96
109
97
116
126
100
120
122
96
119
141
111
96
107
97
117
120
95
113
110
87
121
126
124
110
114
101
103
118
91
114
118
105
78
81
103
120
97
104
93
98
107
78
113
104
95
119
110
144
126
112
120
121
114
104
98
95
119
87
87
144
124
105
98
128
115
105
100
104
100
85
126
136
107
136
103
103
92
94
85
137
108
125
143
95
127
108
100
108
68
105
94
130
106
118
117
118
99
104
116
116
112
126
113
90
118
96
114
115
106
104
106
83
121
106
112
113
104
90
99
99
99
109
98
127
108
104
121
113
111
80
103
94
86
107
114
98
101
104
82
137
85
101
114
108
106
125
113
108
132
104
0
80
94
123
134
121
91
89
93
111
112
102
87
94
88
111
121
123
104
93
121
98
118
117
136
110
91
126
114
116
107
127
106
97
93
101
98
89
106
111
86
107
93
99
78
105
110
106
114
82
110
107
120
98
122
121
96
110
133
97
125
129
108
96
142
125
97
96
108
117
109
100
93
91
110
120
109
114
123
111
134
109
96
136
120
146
99
123
108
121
0
108
123
136
118
131
88
121
97
92
107
117
105
77
121
128
123
129
116
130
107
100
112
123
122
139
108
116
123
98
125
113
105
141
91
135
107
104
118
126
90
118
105
110
98
114
99
106
116
101
137
120
113
96
110
95
115
119
118
105
100
110
120
104
121
123
102
100
130
116
121
94
122
108
126
129
133
100
95
126
120
108
99
102
87
99
107
95
101
70
125
116
127
115
105
129
120
114
109
122
75
121
82
107
89
115
119
115
102
116
107
89
100
117
121
126
111
143
104
130
124
117
121
108
121
130
93
122
108
107
89
105
114
113
90
134
102
101
115
119
108
131
86
124
118
112
89
115
100
86
108
0
110
106
107
108
104
109
109
83
96
102
103
130
103
118
121
111
109
112
126
116
123
120
110
106
105
104
88
110
92
125
94
119
117
118
89
120
0
106
86
105
129
120
110
81
71
128
0
118
106
114
125
123
112
