21
20
0
15
0
6
0
10
8
0
15
0
14
0
0
14
13
26
0
0
0
18
14
10
0
0
0
13
11
0
0
21
17
18
0
17
10
12
0
11
10
10
0
0
19
17
0
16
0
15
0
15
0
0
0
20
4
16
0
10
0
14
20
0
12
15
15
19
15
0
12
0
8
0
20
0
19
19
0
13
22
26
23
0
0
9
0
0
14
0
0
0
0
17
0
0
16
0
0
20
0
19
0
0
0
23
11
0
0
10
19
0
0
12
11
10
17
14
0
6
24
0
14
0
0
15
12
0
19
0
0
0
0
12
0
19
17
0
0
23
8
0
7
14
0
0
0
0
0
12
0
0
24
16
0
15
0
12
0
0
0
0
23
21
23
0
9
0
0
10
12
6
18
0
16
0
14
0
9
0
0
10
21
0
17
12
0
0
0
0
0
22
0
21
0
0
15
18
0
23
13
0
17
0
0
13
17
14
7
0
0
0
0
9
0
0
9
0
0
0
15
0
0
0
0
0
0
17
0
0
16
0
0
16
9
0
0
0
0
17
15
0
18
8
0
19
12
18
0
13
0
0
0
17
22
14
10
13
0
24
0
20
0
0
0
15
14
0
13
0
0
6
0
0
0
16
0
0
0
17
0
20
0
22
8
12
0
0
15
0
24
14
0
22
0
7
22
0
13
10
0
13
17
15
15
13
10
11
11
14
0
0
10
9
14
0
13
13
0
18
15
10
15
0
27
19
20
0
0
0
10
0
13
15
20
0
5
20
0
0
15
0
8
17
13
11
18
0
0
0
12
0
0
0
14
0
0
0
21
12
6
13
0
15
15
0
0
0
17
18
18
0
12
7
13
23
14
8
10
0
0
0
19
7
14
19
0
0
12
14
11
18
0
0
16
0
16
14
0
0
14
0
0
0
0
16
0
14
0
0
18
15
9
0
0
0
0
0
13
21
0
9
19
13
0
0
0
19
16
0
12
9
11
3
16
16
19
18
16
0
9
14
24
0
15
0
0
0
0
13
15
0
0
13
0
0
12
16
14
11
16
0
0
13
0
8
0
0
14
0
0
0
0
15
0
0
11
0
20
0
10
0
0
28
15
14
16
0
0
0
16
0
0
16
0
0
13
18
0
19
