123
72
148
103
95
84
0
139
84
111
144
120
110
125
140
95
97
122
96
118
125
96
124
122
0
117
92
117
104
69
140
144
85
118
99
136
146
128
151
122
124
140
126
112
122
115
162
0
158
106
72
104
0
151
108
144
92
0
149
0
162
119
0
0
105
136
128
170
157
109
131
90
114
140
107
0
88
116
93
106
144
105
138
145
63
113
103
139
97
119
124
64
123
147
135
0
122
108
115
107
123
0
91
101
86
116
152
95
96
97
116
146
143
138
158
121
0
138
107
156
0
143
106
106
120
138
88
122
162
146
136
104
104
117
0
107
98
113
132
128
108
70
98
151
109
0
111
91
0
102
114
0
141
166
155
0
98
89
122
0
141
97
102
125
149
133
77
157
137
111
128
105
116
150
103
123
130
120
146
105
99
160
113
82
87
0
150
130
115
150
136
121
127
117
132
119
118
98
103
0
151
129
115
88
127
108
0
101
172
0
97
117
156
71
127
103
110
91
122
144
114
95
116
119
143
79
120
176
143
101
98
159
111
102
109
143
243
0
127
0
137
101
118
75
75
0
122
83
93
109
75
130
135
87
162
67
91
108
124
117
126
68
119
104
117
0
96
133
110
137
115
93
104
79
110
93
145
111
139
96
105
96
108
82
166
69
0
141
129
119
101
119
101
127
84
117
89
139
106
75
118
0
163
124
119
103
152
116
84
107
111
123
92
0
135
143
71
65
153
0
112
132
137
97
130
110
158
122
88
62
130
0
106
127
82
141
0
90
169
107
0
98
87
114
148
73
121
0
0
109
145
96
101
75
0
102
73
131
108
156
113
0
0
127
98
138
94
109
122
0
124
100
54
146
132
62
164
0
106
110
0
128
0
113
0
91
106
88
118
132
133
0
84
131
122
112
94
132
91
0
0
152
148
106
129
181
121
124
108
0
0
123
120
120
123
130
102
154
126
108
96
122
152
150
53
142
123
158
134
114
97
85
105
77
96
125
134
134
56
149
137
130
163
0
111
118
169
91
66
96
141
111
132
134
108
116
134
118
127
113
121
160
88
136
0
0
77
0
99
134
71
65
125
108
147
113
115
105
69
115
99
119
164
134
0
100
89
0
103
0
105
98
135
120
124
118
96
103
0
0
