222
228
174
201
216
209
220
196
216
188
215
213
211
215
226
201
235
212
220
211
223
215
238
214
186
205
198
231
206
235
183
221
202
213
224
219
204
208
225
181
214
207
185
231
216
232
219
216
202
230
213
193
188
208
210
199
204
201
230
220
238
212
217
240
238
220
189
208
230
192
225
217
178
236
217
186
217
214
193
196
207
214
234
200
213
233
218
208
209
208
237
216
204
209
236
219
221
209
228
191
203
228
219
207
222
237
205
226
220
217
226
199
191
186
246
227
196
191
224
210
200
231
216
205
198
216
182
210
203
182
201
187
195
179
215
212
212
207
229
209
221
192
239
204
187
219
253
228
207
210
183
217
205
226
202
229
214
201
235
227
231
210
244
219
225
188
219
216
224
230
212
232
201
220
188
199
197
228
214
217
228
213
200
219
199
203
212
204
226
206
212
181
249
226
228
195
189
242
219
190
219
228
219
217
206
212
210
210
208
255
216
212
211
220
215
183
209
206
236
208
217
243
226
229
208
215
207
218
227
225
191
216
218
179
225
193
229
173
196
217
187
230
198
210
212
211
182
188
221
200
230
202
229
194
226
231
230
209
201
222
185
225
203
230
203
237
221
195
212
228
224
202
206
212
202
215
222
233
230
222
242
223
205
228
217
231
224
195
197
234
212
199
212
223
232
229
190
216
201
213
250
226
214
209
224
240
211
200
189
229
183
234
220
242
223
201
213
227
208
209
239
214
234
211
223
211
207
203
209
224
228
223
219
218
238
222
188
201
208
208
217
203
209
239
197
216
222
208
220
230
196
205
213
224
174
222
204
236
185
214
236
193
197
229
197
199
187
220
223
198
223
202
222
207
221
221
216
196
197
201
219
199
192
196
215
209
220
210
194
233
213
186
201
227
235
216
225
201
190
182
201
234
195
202
241
216
193
203
222
207
216
218
208
193
238
224
203
208
228
221
242
202
203
198
195
210
206
199
211
219
231
230
217
242
204
227
211
222
182
211
201
199
217
215
201
209
212
204
220
224
213
222
202
222
204
234
202
192
207
199
205
220
202
229
246
231
175
220
233
227
204
186
202
222
210
215
233
217
215
200
198
223
205
230
175
240
231
203
215
214
197
239
221
188
200
214
205
218
202
222
