50
55
57
61
66
74
55
59
0
52
57
61
61
68
53
61
67
62
63
67
62
60
62
59
61
66
50
51
56
61
55
56
52
53
50
57
57
50
51
49
50
57
61
57
57
63
49
58
71
53
60
62
46
57
68
0
51
58
66
60
55
60
56
65
52
63
58
65
46
64
55
65
57
61
60
62
59
57
60
45
54
55
60
59
54
62
66
69
63
57
51
52
57
65
48
58
53
69
53
55
63
62
43
57
69
70
63
62
47
60
58
53
51
72
64
59
60
59
53
59
61
59
59
51
54
60
43
60
51
57
57
58
63
59
57
67
61
66
57
66
57
55
49
64
58
59
61
50
64
52
48
63
59
57
64
58
57
50
58
54
57
55
62
66
60
56
57
58
67
65
50
74
48
52
70
52
57
72
41
58
54
64
65
58
64
57
63
70
55
53
56
43
70
63
62
61
59
59
54
57
64
66
54
55
48
50
54
66
55
63
55
63
46
64
54
51
53
53
64
54
54
59
52
48
61
61
62
54
51
64
61
57
67
56
66
48
65
52
52
62
56
61
62
66
56
65
66
60
55
54
66
61
46
53
49
63
60
57
66
58
48
66
48
61
56
61
49
60
48
58
58
61
62
55
49
56
59
55
49
56
54
45
56
52
53
50
71
53
60
60
60
62
49
64
58
65
57
62
53
60
66
70
0
59
45
52
58
48
40
54
61
55
51
53
69
54
65
45
50
49
67
54
62
55
56
56
69
61
45
62
63
77
56
54
47
60
0
74
54
72
51
56
61
66
47
60
64
48
55
63
46
59
46
50
60
65
58
59
66
55
53
60
59
62
53
52
55
62
61
60
62
53
61
54
61
62
66
55
61
65
58
46
51
64
55
60
56
64
52
54
71
55
56
49
62
65
61
64
52
51
59
55
56
62
54
61
67
53
57
52
56
52
60
69
67
52
55
56
56
56
53
59
64
62
49
53
62
66
58
61
48
69
53
57
54
67
53
59
43
50
57
52
55
54
58
54
54
62
51
57
59
52
63
0
50
65
47
61
70
64
51
69
63
59
56
61
50
49
55
57
60
58
54
68
67
55
57
57
60
70
52
70
67
69
54
52
68
51
57
63
57
61
57
60
65
53
53
61
53
58
