428
421
363
369
424
382
391
406
394
415
390
376
400
412
383
419
390
381
387
422
416
389
397
391
379
365
350
385
403
408
430
392
390
412
413
393
413
371
394
391
398
392
371
390
387
411
360
403
392
376
360
384
401
371
360
413
351
372
392
382
402
385
397
410
366
360
392
397
380
385
395
428
402
407
398
409
405
390
418
383
369
406
385
392
384
388
361
355
404
390
403
394
401
402
384
389
396
332
426
402
394
395
376
406
406
429
417
422
397
375
402
378
370
402
411
413
376
384
365
433
399
408
349
368
398
415
395
403
412
395
355
375
365
352
441
401
374
401
395
389
402
417
357
397
399
397
389
346
382
419
394
392
419
395
379
365
403
396
386
399
420
422
428
377
352
405
371
394
404
383
377
389
366
393
376
425
395
394
383
350
395
396
411
396
386
414
410
379
426
381
380
398
361
405
364
373
392
362
395
368
414
414
369
357
430
398
398
395
360
387
407
410
384
363
419
401
399
386
407
392
413
388
382
357
372
405
385
392
418
390
387
398
376
416
407
380
381
368
379
379
404
388
383
416
418
409
383
429
385
379
396
390
382
400
417
392
403
376
425
347
405
380
417
389
384
382
426
377
372
390
385
373
390
352
388
404
421
402
413
405
351
400
400
382
399
398
382
409
383
415
378
396
367
385
388
398
407
386
371
381
416
398
382
416
393
406
398
360
396
408
404
409
381
405
382
375
363
378
413
429
400
379
420
424
422
375
391
413
381
392
401
370
407
374
374
403
379
375
401
392
391
389
379
422
394
414
388
357
364
427
402
409
404
362
377
399
419
407
406
413
399
407
409
374
394
390
383
408
366
392
397
384
384
387
391
406
416
394
433
384
374
329
392
390
401
367
380
400
380
395
432
410
383
416
402
387
377
407
419
365
380
399
417
365
485
376
388
395
370
365
406
392
414
411
409
392
372
381
406
433
395
385
397
386
377
414
345
413
423
410
384
392
372
386
368
376
371
383
363
410
358
381
372
429
411
379
368
427
359
416
393
424
409
405
418
375
365
381
361
378
387
409
424
377
390
373
398
352
377
397
397
399
424
411
404
385
400
416
388
368
358
409
390
383
397
396
398
384
398
406
393
376
385
427
377
378
380
399
394
410
