237
0
227
178
302
218
230
147
251
274
0
199
231
282
230
290
287
221
202
267
260
298
250
230
200
180
248
209
258
215
274
247
160
253
191
223
311
0
198
288
261
253
242
285
257
269
288
214
166
254
235
324
199
276
215
225
199
262
223
268
187
236
225
218
0
222
205
290
222
267
232
224
232
0
186
314
231
247
243
301
207
239
174
185
0
182
218
282
392
0
303
308
222
221
210
285
210
250
234
204
173
222
174
238
178
222
226
296
233
195
209
280
237
0
0
185
227
238
263
180
184
245
224
256
183
322
183
205
334
272
154
231
212
234
288
203
232
241
220
242
274
223
0
246
286
277
262
246
219
258
205
304
219
162
257
242
238
204
0
175
189
233
236
0
251
217
0
287
165
238
0
155
222
200
214
282
241
236
162
257
149
296
191
232
280
213
212
234
239
225
276
266
232
331
296
244
210
192
333
371
162
285
219
231
302
279
250
397
212
287
238
222
206
196
256
242
239
216
286
258
285
272
0
197
238
0
282
275
186
223
213
205
230
194
373
250
247
214
258
243
0
164
175
339
234
220
248
200
299
244
162
237
184
236
264
285
305
242
284
261
268
217
257
248
259
265
239
264
183
0
283
268
194
0
195
199
158
181
161
261
234
265
190
221
296
236
310
257
308
146
0
288
257
229
227
0
220
0
236
270
293
0
234
271
278
224
278
215
159
272
222
240
242
170
153
289
0
200
214
269
239
205
244
229
218
331
187
206
241
180
199
289
284
216
277
293
236
235
218
210
238
247
208
172
305
212
177
208
209
296
186
249
186
214
229
0
246
186
217
211
120
304
225
236
168
257
202
0
169
220
192
178
192
255
268
287
245
220
148
199
238
264
204
176
209
250
0
270
276
291
228
256
223
0
187
0
227
192
244
195
0
235
249
248
225
0
207
201
0
215
238
234
267
217
246
246
233
276
225
287
265
210
243
281
203
283
222
233
254
219
163
0
197
206
212
0
241
237
174
229
244
214
178
221
257
179
260
217
224
144
190
207
209
231
181
207
229
221
0
261
184
226
226
183
218
292
0
233
230
170
217
278
158
213
269
243
196
222
242
231
234
326
234
237
209
244
239
209
367
238
292
210
304
255
270
252
279
195
188
369
