498
491
515
504
494
516
508
515
489
490
518
505
495
480
475
492
491
504
496
471
496
489
488
513
493
536
487
497
510
483
462
483
480
497
490
514
479
501
482
459
492
500
478
524
530
484
489
477
500
485
470
488
497
478
509
494
470
493
486
466
491
471
491
500
480
477
478
527
488
502
484
504
502
502
492
491
484
492
507
499
515
510
497
497
499
495
498
481
474
494
495
474
497
508
494
505
488
504
487
526
498
472
517
464
487
480
485
477
482
495
517
544
465
504
461
478
493
471
524
496
498
499
481
488
493
479
473
515
477
477
500
475
469
487
467
462
525
451
522
501
478
494
488
509
467
481
484
478
474
487
501
457
500
494
533
503
493
460
468
503
484
520
461
467
487
487
490
486
481
502
497
514
479
492
487
491
519
511
482
484
513
512
466
509
518
463
512
481
500
465
504
480
490
492
495
500
529
477
495
491
497
491
500
479
499
493
464
453
472
484
494
483
490
489
512
478
473
503
519
473
478
523
474
487
479
491
495
536
497
490
502
473
490
487
483
514
519
495
468
504
502
461
495
480
491
499
496
536
487
501
514
483
488
493
503
502
504
485
474
510
477
494
493
506
505
473
509
496
482
487
484
471
508
503
493
499
474
510
498
518
482
519
467
487
490
500
490
472
462
476
504
489
494
468
521
503
497
485
507
497
521
464
468
496
493
485
514
502
486
501
473
506
524
490
478
494
492
475
513
509
462
503
476
524
512
468
486
498
475
455
457
495
504
486
512
511
488
496
495
477
512
474
485
451
482
511
468
493
492
462
499
465
481
467
498
492
487
482
483
463
496
492
484
520
484
520
530
474
512
478
485
471
502
477
487
513
516
458
472
493
466
504
465
468
513
501
509
496
489
503
489
478
491
538
476
469
513
505
477
486
450
484
487
520
496
517
489
524
477
461
485
490
476
468
502
482
502
488
500
474
476
494
499
476
460
495
471
477
498
500
468
462
502
499
494
514
461
513
505
502
517
492
522
508
498
512
468
447
501
517
489
498
521
494
502
479
509
514
501
493
477
484
470
501
474
481
451
499
521
497
474
486
527
507
481
509
491
499
460
494
494
488
482
496
514
499
504
464
462
509
489
478
515
490
472
467
464
476
519
473
