58
0
48
55
38
0
40
52
33
63
35
57
16
0
0
35
48
41
61
38
0
0
30
45
32
0
0
0
30
42
0
48
35
46
41
44
33
73
0
0
53
52
61
61
0
59
0
21
62
60
44
62
55
0
54
41
0
52
0
75
57
0
35
35
0
0
0
68
48
68
66
66
0
0
0
70
0
78
56
31
0
78
54
54
26
53
61
42
46
33
0
0
0
0
47
0
0
51
59
0
63
0
0
62
0
65
69
40
32
74
27
49
55
0
56
47
56
0
87
0
38
0
42
0
49
37
0
0
0
0
106
36
62
22
56
40
57
0
68
65
65
0
41
0
61
33
58
29
46
42
0
53
47
49
55
63
0
43
54
36
45
0
43
26
0
0
65
0
77
57
47
0
49
63
35
66
53
50
62
30
0
0
39
45
52
59
53
35
60
30
67
0
31
53
47
59
49
47
28
0
46
62
0
0
68
39
50
33
41
40
0
34
65
0
0
54
53
45
77
49
34
54
89
0
0
0
0
0
26
45
46
35
46
0
57
63
50
44
71
72
0
39
0
0
0
0
49
54
41
48
53
40
38
0
48
0
65
0
45
32
0
61
39
68
29
0
36
48
58
0
41
42
78
28
62
80
0
59
0
53
51
74
53
55
46
41
0
0
0
62
71
81
45
63
46
59
0
51
37
35
44
47
41
0
44
0
28
0
45
59
35
30
70
82
52
51
53
0
48
35
64
28
35
56
46
55
72
57
44
0
50
26
0
55
47
82
0
48
0
70
42
36
50
18
68
28
0
63
0
39
0
0
0
66
0
77
44
57
55
45
0
58
41
0
59
81
0
0
72
0
71
45
50
70
33
39
56
42
49
27
65
0
47
48
0
53
0
42
53
50
63
64
30
0
24
46
79
0
53
0
53
0
0
70
70
0
52
0
0
0
0
91
48
24
29
0
52
68
0
0
49
42
34
31
62
0
0
38
0
79
45
0
0
50
0
0
51
69
63
0
61
67
33
51
59
0
37
0
30
77
49
0
47
29
63
54
51
37
51
60
50
37
0
0
45
45
29
47
42
68
0
53
38
30
0
0
62
0
35
52
0
0
0
0
47
50
33
49
32
40
60
41
56
50
0
48
0
0
45
0
