0
36
25
0
24
42
0
0
47
36
0
0
0
40
40
0
44
44
0
55
39
51
47
35
0
39
25
55
51
40
28
37
49
45
0
0
35
39
27
37
22
39
0
48
0
23
25
54
60
40
67
29
49
46
0
0
0
26
28
0
0
39
49
46
74
32
58
39
48
47
39
0
32
0
26
23
51
46
0
35
39
62
30
50
0
0
31
0
0
34
28
0
0
0
0
54
58
0
0
0
0
0
31
39
44
34
34
61
30
23
0
0
44
55
49
0
39
0
0
33
0
38
31
47
0
50
40
36
46
50
53
47
33
25
19
40
32
41
19
41
28
0
42
28
46
35
42
35
0
34
42
41
23
56
34
0
0
47
47
40
36
35
0
31
26
31
39
38
30
49
39
54
0
26
35
52
24
43
44
0
40
0
0
31
0
0
18
36
0
26
48
29
0
44
0
51
45
0
42
52
23
47
29
0
31
0
28
0
0
31
46
20
48
36
0
48
0
0
22
34
22
30
0
53
0
43
0
54
0
46
0
20
55
40
28
0
53
44
0
0
46
25
0
0
31
21
0
0
37
29
42
46
45
0
33
30
31
34
40
39
0
62
62
46
0
62
0
35
32
28
56
33
0
0
47
54
0
0
0
0
36
51
0
39
34
54
55
0
50
38
51
42
0
25
21
33
0
42
0
37
28
33
30
0
0
37
54
0
29
37
43
0
34
46
18
50
41
49
52
0
0
33
36
37
28
0
21
0
42
23
45
0
0
25
36
26
25
38
0
38
73
42
32
0
36
37
34
0
44
26
38
22
0
0
0
0
41
36
24
0
31
42
0
0
0
34
36
49
0
54
0
51
46
14
42
47
0
16
32
42
26
22
45
0
40
55
0
27
34
44
0
39
35
0
41
29
0
50
62
0
0
49
51
0
26
0
34
0
0
37
41
21
0
42
0
0
29
0
0
33
0
30
49
0
55
0
57
0
39
0
49
42
0
20
29
0
31
34
0
26
0
41
19
0
44
0
0
32
22
35
30
0
34
0
44
40
27
40
44
0
30
26
58
24
46
54
51
35
30
40
26
41
30
0
70
55
6
30
0
19
0
34
52
21
0
16
43
38
25
0
34
33
33
46
20
0
30
47
0
36
