0
31
40
42
45
35
36
44
0
37
36
52
46
0
43
0
0
28
24
60
55
38
42
35
71
0
0
24
0
50
48
50
28
55
32
48
49
29
29
34
39
40
0
0
29
45
34
68
30
51
44
35
0
50
42
35
37
41
32
42
53
44
0
43
0
53
40
46
45
38
44
48
37
37
0
54
57
43
44
43
45
0
33
44
0
34
37
0
43
61
60
42
54
0
46
35
32
26
52
29
34
52
50
39
23
33
34
41
36
45
43
22
40
0
66
49
46
62
29
0
43
0
47
31
44
33
38
41
36
33
28
41
0
0
32
0
39
32
46
56
45
38
42
43
0
30
39
49
42
50
38
25
47
27
32
40
0
57
38
28
43
33
0
56
58
48
55
53
38
41
45
0
0
46
0
55
33
38
31
29
40
36
21
0
43
0
47
51
46
27
45
0
40
43
59
0
38
31
0
0
26
50
34
41
39
38
39
44
38
36
40
45
36
42
53
0
0
30
0
57
59
51
47
32
30
42
40
0
46
20
32
30
31
0
41
0
45
31
43
39
44
0
45
38
40
0
45
51
42
40
50
32
28
41
35
37
0
37
43
25
0
57
22
0
58
40
43
55
54
53
35
31
41
27
51
0
30
41
52
0
48
51
39
41
40
27
48
33
43
50
32
50
0
46
57
37
60
48
0
44
41
0
46
0
40
34
50
27
45
44
42
21
39
35
43
48
50
55
30
34
0
36
43
57
29
0
47
48
31
47
35
0
0
48
0
39
53
0
51
39
36
0
44
45
72
47
31
54
55
36
46
48
0
0
0
16
47
62
55
0
39
37
36
43
57
35
43
39
46
26
47
48
39
41
0
27
31
51
45
41
0
42
32
55
33
42
28
52
45
53
38
0
39
0
0
40
54
51
62
28
28
34
39
50
42
55
0
29
43
32
34
35
49
52
49
31
33
61
0
44
34
49
19
0
0
44
40
39
38
52
41
47
24
0
56
0
55
28
45
38
35
0
20
0
54
0
42
42
45
0
30
29
40
0
27
0
40
0
46
43
32
45
0
41
45
32
41
32
37
0
62
46
45
0
44
31
32
35
39
36
40
20
32
40
54
34
37
48
38
44
0
71
49
55
48
39
42
41
57
23
