22
24
18
12
0
19
0
19
25
0
31
29
20
0
32
19
34
0
29
0
0
29
0
0
0
0
15
23
24
22
0
20
0
26
0
21
0
0
19
21
27
25
29
0
19
0
0
20
0
21
24
35
0
25
0
24
0
0
21
22
0
24
22
0
18
28
20
26
15
19
17
0
17
19
29
13
0
25
20
40
30
24
37
0
15
25
22
21
0
0
34
0
0
31
30
21
20
18
15
32
0
33
19
0
36
28
21
37
13
26
36
19
27
0
20
16
21
22
0
21
26
0
24
0
28
16
20
14
28
26
21
34
0
16
25
29
21
0
31
29
0
0
17
30
29
28
26
25
14
17
24
20
23
27
25
15
22
24
27
24
28
16
26
22
21
0
25
29
20
18
26
23
21
0
22
15
0
13
17
30
0
24
28
16
25
29
29
19
24
20
0
0
0
22
19
23
18
32
0
21
28
0
26
23
19
21
29
20
22
0
0
30
26
0
0
0
16
0
18
24
0
26
0
31
18
19
22
11
0
0
29
27
24
20
18
21
27
0
11
23
0
14
25
0
0
19
27
24
25
0
0
8
14
34
36
21
23
16
0
30
0
25
23
26
0
27
19
28
26
0
32
15
15
0
0
23
0
19
23
28
0
34
0
26
0
26
18
19
16
21
33
28
0
24
0
25
0
0
29
30
0
21
24
0
34
21
31
0
16
0
0
30
23
0
19
0
25
14
0
20
22
0
26
28
19
26
18
0
0
0
23
22
25
0
20
20
23
24
14
0
20
19
19
27
0
19
31
0
19
22
22
36
20
4
22
22
0
0
28
27
21
0
17
15
20
13
16
0
0
26
31
14
30
19
25
21
0
24
20
14
20
19
24
22
31
13
17
9
21
0
31
30
34
0
26
25
23
18
0
15
0
0
0
27
18
20
27
22
0
21
21
28
20
0
21
21
21
0
15
20
21
24
33
23
19
35
20
31
23
17
24
19
0
28
14
19
22
16
16
0
0
0
23
17
0
0
30
0
0
24
25
0
23
24
13
27
21
18
25
17
0
22
13
26
14
29
20
0
32
0
31
0
27
18
37
0
15
20
27
21
20
16
0
0
19
27
19
0
22
0
28
19
23
14
19
0
17
24
24
17
