71
53
44
0
81
0
0
81
93
106
81
0
88
41
83
0
0
97
0
0
70
51
47
91
0
87
94
0
68
0
84
0
44
29
87
0
0
105
83
97
116
0
61
43
70
68
88
0
94
0
71
71
51
63
0
93
63
0
68
0
39
73
0
50
67
134
0
41
77
67
70
100
66
43
0
90
0
93
0
63
0
0
79
96
73
36
0
49
76
88
0
53
69
78
56
49
0
62
80
70
87
29
83
0
0
84
106
0
63
60
74
61
65
60
34
66
0
47
60
54
78
72
81
0
80
0
75
73
0
48
0
0
42
39
83
68
80
0
60
0
94
0
57
87
86
0
0
0
0
88
78
0
102
75
58
122
77
19
0
55
26
0
59
65
71
73
64
58
41
0
0
0
46
97
79
43
61
91
55
56
45
0
76
79
0
67
58
73
86
86
68
121
108
68
105
76
88
102
51
74
75
103
79
0
85
78
92
68
58
26
66
55
0
48
0
88
41
71
78
99
0
0
0
63
92
0
0
0
0
0
64
128
0
85
69
95
71
46
64
39
0
0
62
83
68
61
0
0
75
0
45
69
0
0
69
69
0
43
79
0
78
0
0
54
62
65
0
97
53
58
0
0
0
64
51
40
100
64
101
77
0
44
53
65
0
48
91
86
89
61
54
68
66
0
75
61
0
0
56
55
0
89
0
61
63
87
59
53
0
0
112
0
78
45
79
80
86
0
0
67
68
41
76
72
70
79
86
66
62
95
65
0
116
53
60
86
0
78
73
71
0
60
0
0
56
78
78
89
74
0
0
0
58
0
64
87
88
79
0
0
0
81
79
94
80
0
0
61
0
80
73
58
55
62
0
75
54
47
88
75
64
0
59
0
0
65
90
78
123
42
0
0
72
85
0
57
0
62
52
0
128
41
66
64
99
108
0
84
56
93
72
71
77
0
0
0
0
0
27
0
26
54
97
70
96
48
0
69
71
0
62
47
74
56
79
79
90
87
0
70
64
0
70
111
76
55
35
0
0
78
0
0
63
0
51
51
106
72
74
81
84
81
76
0
45
0
75
63
87
0
49
62
0
92
0
86
81
0
0
44
35
59
0
0
0
48
0
65
50
0
0
44
100
39
0
36
67
77
0
64
