1921
1875
1804
1912
1876
1870
1919
1865
1842
1884
1851
1889
1942
1883
1913
1882
1875
1884
1900
2064
1878
1849
1826
1879
1882
1857
1905
1885
1876
1839
1897
1848
1877
1859
1870
1952
1891
1850
1810
1863
1881
1880
1852
1844
1875
1909
1836
1885
1914
1874
1840
1877
1865
1894
1888
1834
1876
1940
1863
1865
1888
1892
1822
1911
1896
1887
1881
1969
1864
1827
1832
1835
1840
2060
1960
1901
1827
1870
1873
1869
1859
2033
1908
1911
1906
1929
1858
1846
1858
1809
2048
1867
1884
2010
1874
1901
1910
1907
1868
1909
1920
1869
1887
1864
1848
1992
2032
2064
1894
1856
1841
2044
1875
1902
1854
1904
1896
1830
1892
2006
1889
1888
1875
1868
1890
1858
1802
2054
1932
1896
1890
1870
1875
1894
1879
1895
1876
1844
1830
1839
1893
2038
2036
1857
1852
1889
1860
1844
1889
1854
1868
1895
1881
1858
1868
1851
1833
2000
1859
1877
1886
1828
1863
1966
1856
1845
2065
1868
1868
1839
1884
1906
1821
2051
1863
1906
1870
1891
1870
1861
1866
1905
1890
1884
1914
1869
1839
1811
1866
1901
2066
1855
1822
1845
1891
1888
1888
2060
1876
1874
1906
1865
2048
1878
1912
1889
2052
1874
2044
1870
1919
1845
1886
1838
1814
1895
2071
1904
1883
1904
2016
1864
1886
1886
1906
2078
1871
1858
1855
1898
1875
1835
1862
1834
2026
1875
2043
1890
1893
1899
1958
1903
2006
2063
1833
1870
1912
1863
1901
1842
1922
1890
1879
1837
1874
1918
1901
1915
1889
2051
1834
1864
1816
1866
1812
1875
1856
1898
1837
2060
1888
1902
1882
1948
1845
1864
1872
1888
1895
1926
1901
1881
2048
1865
1841
1886
1872
1861
1894
1849
1889
1867
2057
1864
1891
1877
1923
1899
1929
1884
1836
1843
1829
1884
1924
1873
1934
1860
1894
1858
1899
2082
1893
1859
2025
1945
1870
1867
1881
1844
1853
1873
1823
1871
1833
1869
1929
1831
1879
1856
1864
1855
1885
1882
1855
2006
1825
1866
1867
1842
1833
1882
1986
1878
1928
1890
1877
1897
2069
1871
1931
1848
1943
1883
1862
1891
1842
1879
1866
1866
2094
1946
1919
1866
1848
1860
1886
1829
1944
1877
1831
1889
1862
1873
2068
1899
1841
1850
1854
1864
1856
1864
2004
1899
1801
1891
1866
1896
1884
1890
1860
1873
1860
1907
1897
1885
1877
1868
1842
1855
1852
1878
1804
1889
1869
1921
1847
1923
1873
1863
1867
1874
1887
1923
1860
1845
2016
1894
1938
1837
1853
1897
1857
1883
1922
1889
1904
1869
1891
1918
1834
2029
1907
1869
1883
1877
1907
1857
1863
1886
1873
1916
2043
1900
1908
1878
1884
1863
1836
1838
1862
1929
1857
1868
1882
1906
1744
1888
2048
1837
2026
1903
1906
1887
1916
1859
1871
1891
1849
1890
1843
1851
1914
1875
1978
1909
1896
1953
1832
1889
1873
1874
1913
1881
1827
2026
2063
1882
1863
1853
1852
1815
1868
1899
1896
1862
1815
1822
2035
1871
