2156
2159
2146
2145
2162
2136
2107
2154
2152
2153
2123
2125
2150
2180
2129
2130
2126
2147
2116
2142
2135
2162
2154
2162
2165
2133
2171
2144
2158
2163
2145
2131
2162
2165
2149
2155
2138
2171
2154
2129
2167
2130
2155
2132
2147
2138
2130
2096
2104
2115
2120
2140
2163
2168
2147
2170
2142
2134
2157
2139
2139
2158
2132
2155
2131
2124
2141
2143
2135
2155
2122
2108
2127
2126
2127
2141
2133
2146
2125
2145
2156
2152
2158
2148
2162
2143
2142
2150
2146
2125
2145
2172
2158
2167
2127
2151
2134
2162
2168
2100
2136
2131
2152
2157
2127
2117
2142
2154
2158
2156
2159
2132
2131
2157
2146
2150
2164
2139
2158
2159
2147
2176
2157
2142
2156
2134
2160
2101
2163
2122
2164
2164
2148
2156
2134
2149
2148
2141
2137
2122
2161
2154
2143
2143
2144
2164
2153
2172
2167
2165
2152
2127
2137
2127
2133
2159
2152
2139
2146
2154
2098
2149
2113
2088
2128
2147
2127
2173
2168
2128
2147
2095
2127
2135
2155
2149
2148
2110
2149
2170
2155
2169
2139
2157
2164
2149
2137
2137
2133
2176
2156
2151
2151
2137
2150
2148
2118
2155
2158
2138
2172
2151
2167
2171
2131
2160
2132
2132
2132
2152
2138
2130
2159
2134
2162
2148
2136
2145
2110
2149
2109
2157
2159
2167
2145
2120
2133
2157
2141
2149
2172
2129
2120
2132
2168
2130
2143
2140
2156
2143
2177
2155
2160
2152
2157
2153
2167
2149
2114
2143
2166
2170
2136
2183
2158
2137
2144
2132
2139
2157
2166
2176
2146
2138
2155
2157
2157
2143
2125
2154
2152
2117
2159
2141
2126
2123
2147
2171
2149
2154
2163
2128
2137
2165
2135
2157
2161
2161
2152
2121
2137
2137
2147
2169
2121
2135
2164
2143
2147
2140
2158
2164
2166
2149
2150
2155
2118
2142
2148
2161
2143
2167
2134
2122
2135
2110
2165
2136
2117
2128
2150
2114
2134
2155
2129
2154
2175
2079
2140
2120
2156
2145
2149
2136
2159
2110
2150
2153
2139
2138
2162
2173
2101
2143
2122
2167
2142
2178
2153
2157
2156
2137
2110
2150
2158
2138
2145
2144
2130
2163
2133
2117
2172
2145
2164
2147
2143
2140
2159
2123
2136
2160
2135
2163
2126
2120
2133
2167
2157
2155
2110
2189
2142
2172
2149
2145
2153
2115
2156
2167
2116
2138
2144
2163
2123
2145
2123
2163
2115
2166
2157
2184
2115
2151
2158
2112
2139
2130
2141
2142
2149
2140
2124
2154
2136
2132
2160
2153
2134
2166
2141
2141
2166
2175
2155
2145
2151
2137
2114
2149
2139
2142
2142
2147
2125
2144
2150
2114
2166
2149
2145
2175
2160
2142
2129
2166
2135
2153
2146
2116
2147
2178
2143
2146
2159
2160
2175
2098
2153
2141
2123
2125
2121
2141
2149
2175
2156
2162
2158
2172
2129
2144
2165
2099
2164
2169
2107
2137
2149
2086
2144
2143
2149
2133
2152
2149
2152
2154
2142
2155
2089
2127
2151
2139
2152
2125
2140
2154
2143
2134
