1686
1763
1655
1701
1689
1690
1711
1751
1729
1601
1598
1757
1718
1695
1711
1700
1609
1712
1696
1678
1723
1710
1669
1754
1724
1695
1774
1746
1718
1728
1751
1549
1691
1708
1752
1751
1755
1755
1669
1693
1715
1522
1679
1712
1651
1690
1752
1732
1762
1698
1744
1644
1762
1718
1748
1708
1787
1751
1756
1597
1698
1640
1718
1727
1722
1690
1715
1664
1778
1683
1692
1726
1694
1688
1691
1703
1776
1703
1730
1730
1737
1749
1811
1691
1662
1715
1594
1657
1631
1675
1733
1653
1706
1736
1645
1555
1623
1791
1628
1727
1711
1699
1696
1601
1673
1698
1730
1699
1687
1724
1660
1769
1737
1713
1718
1735
1636
1572
1700
1744
1773
1685
1685
1734
1803
1661
1737
1708
1691
1736
1667
1744
1729
1686
1725
1714
1652
1783
1549
1705
1756
1670
1734
1693
1712
1722
1668
1661
1734
1698
1742
1801
1647
1671
1701
1629
1733
1712
1738
1729
1713
1711
1741
1704
1739
1669
1702
1681
1700
1698
1736
1702
1685
1688
1688
1688
1689
1601
1714
1732
1727
1723
1740
1610
1667
1731
1723
1551
1724
1704
1762
1724
1700
1625
1681
1718
1705
1761
1750
1693
1617
1611
1763
1704
1763
1749
1760
1687
1703
1683
1664
1697
1717
1691
1691
1753
1695
1771
1637
1760
1681
1683
1750
1603
1697
1638
1656
1617
1628
1751
1751
1691
1708
1683
1718
1623
1485
1771
1598
1689
1581
1657
1731
1737
1722
1707
1655
1648
1585
1625
1747
1801
1732
1719
1625
1719
1703
1723
1600
1624
1716
1613
1655
1772
1667
1699
1715
1690
1759
1687
1540
1692
1728
1683
1700
1585
1520
1767
1766
1697
1576
1725
1717
1728
1742
1672
1714
1725
1743
1735
1709
1634
1697
1768
1683
1695
1652
1753
1666
1721
1706
1745
1679
1702
1717
1740
1674
1785
1780
1697
1712
1737
1712
1685
1678
1681
1598
1711
1707
1710
1660
1662
1740
1676
1641
1737
1771
1729
1715
1751
1744
1662
1582
1735
1732
1615
1740
1699
1669
1664
1781
1703
1744
1725
1697
1744
1713
1767
1673
1786
1787
1725
1720
1730
1731
1635
1645
1701
1689
1755
1673
1698
1677
1762
1778
1653
1657
1755
1716
1736
1683
1645
1673
1647
1763
1739
1668
1702
1734
1732
1751
1738
1651
1744
1666
1618
1601
1726
1726
1572
1671
1724
1621
1710
1731
1687
1732
1705
1710
1718
1678
1687
1717
1728
1749
1713
1766
1647
1682
1728
1607
1690
1664
1726
1569
1740
1588
1681
1682
1741
1722
1654
1661
1654
1697
1671
1708
1693
1729
1714
1721
1704
1623
1718
1716
1601
1687
1695
1687
1708
1748
1634
1651
1623
1704
1760
1700
1726
1703
1811
1767
1686
1660
1766
1749
1728
1735
1725
1749
1729
1724
1708
1674
1739
1700
1625
1699
1623
1721
1704
1676
1671
1702
1464
1658
1541
1740
1671
1686
1696
1695
1783
1747
1733
1736
1728
1679
1694
1727
1751
1731
1714
1721
1755
1709
1721
1737
1702
1719
1754
