1922
1948
1976
1906
1945
1982
1951
1979
2006
1944
1942
2004
1943
1910
1980
1946
1912
1903
1932
1962
1937
1952
1967
2011
2043
1935
1961
1916
1947
1962
1902
1993
1935
1903
1937
1983
1903
1970
1945
1942
1950
1920
1941
1878
1967
1951
1937
1921
1965
1873
1954
1937
1965
1928
1932
1922
2003
1946
1942
1944
1980
1964
1991
1956
1930
1885
1875
1956
1954
1973
1965
1888
1925
1965
1916
1933
1964
1935
1942
1918
1929
1939
1994
1900
1921
1968
1963
1918
1967
1987
1958
1970
1924
1982
1943
1953
1960
1960
1976
1995
1899
1963
1988
1963
1957
1931
1965
1927
1925
1951
1961
1962
1946
1942
1932
1921
1885
1904
1974
1985
1867
1955
1974
1921
1911
1973
1959
1927
1933
1912
1922
1960
1965
1954
1990
1919
1905
1929
1965
1911
1902
1876
1918
1939
1952
1922
1949
1944
1934
1965
1980
1886
1961
1949
1965
2021
1973
1989
1936
1968
1937
1962
1917
1965
1876
1917
1927
1960
1986
1952
1972
2073
1928
1993
1896
2005
1952
1959
1924
1984
1937
1907
2018
1960
1943
1951
2001
2004
1952
1982
1983
2008
1910
1886
1914
1925
1939
1940
1974
1922
1954
1892
1995
1921
1928
1959
1935
1938
2013
1972
1942
1975
1966
1934
1917
1976
1954
1966
1909
1969
1980
1898
1993
1892
1961
1944
1874
1952
1960
1934
1897
1943
1939
1978
1941
1912
1968
1919
1988
1911
1933
1926
2010
1947
1957
1942
1922
1969
1915
1946
1915
1907
1992
1956
1923
2038
1991
1984
1985
1931
1932
1954
1956
1893
1924
1880
2002
1953
1924
1929
1928
1919
1907
1917
1897
2000
1897
1984
1953
1946
1940
1949
1920
1901
2003
1890
1988
1918
1932
1883
1957
1962
1922
1923
1937
1931
1917
2027
1948
1907
1937
1943
1916
1978
1937
2002
1985
1983
1938
1964
1900
1951
1916
1926
1944
1958
1947
2002
1974
1898
1974
1918
1932
1936
1926
1953
1933
2037
1960
1964
1923
1901
1876
1990
2018
1929
1962
1930
1926
1980
1934
1982
1942
1907
1925
1909
1921
1963
1902
1958
1911
1897
1977
1893
1937
1996
1992
1899
1932
1957
1931
1874
1927
1922
1898
1969
1977
1997
1906
1954
1911
1942
1939
1847
1903
1931
1905
1981
1971
1915
1966
2044
1906
1937
1938
2064
1955
1939
1981
1927
1928
1956
1880
1939
1942
1943
1949
1989
1921
1967
1909
1979
1906
1923
1905
1894
1937
1911
1967
1941
1963
1935
1908
1930
1939
1948
1897
1951
1903
1919
1928
1928
1912
1947
1964
1993
1987
1887
1954
1977
1947
1929
1937
2005
1938
1960
1959
1922
1944
1961
1904
1997
1960
1938
1901
2000
1949
1909
1966
1931
1891
1940
1916
1956
1975
1979
1920
1964
1963
1954
1969
1995
1972
1950
1955
2001
1945
1991
2003
1934
1998
1919
1906
1972
1922
1983
1905
1943
1921
1938
1977
1933
1959
1967
1952
1900
1962
1907
1951
1968
1923
1943
1976
1998
1919
1969
1900
1943
1987
1985
