1877
1929
1878
1930
1899
1951
1955
1883
1944
1890
1943
1944
1917
1930
1971
1904
1907
1920
1924
1940
1922
1985
1888
1889
1897
1953
1951
1951
1920
1924
1898
1999
1906
1925
1930
1968
1926
1966
2006
1930
1915
1920
1874
1953
1900
1969
1898
1899
1908
2011
1902
1911
1960
1892
1971
1942
2001
1919
1917
1976
1954
2002
1916
1991
1971
1941
1922
1932
1963
1885
1955
1915
1954
1960
1988
1916
1950
1923
1937
1949
1903
1978
1959
1958
1969
1931
1917
1933
1894
1964
1911
1904
1936
1898
1931
1935
1903
1943
1946
1948
1879
1925
1945
1894
1880
1924
2009
1882
1940
1981
1932
1960
1918
1907
1885
1987
1937
1876
1896
1927
1962
1948
1922
1916
2032
1933
1966
1911
1876
1950
1982
1943
1882
1912
1913
1909
1911
1955
1966
1906
1971
1937
2195
1962
1934
1950
1879
1950
1919
1960
1912
1922
1963
1907
1926
1998
1902
1943
1898
1950
1941
1924
1903
1897
1896
1904
1940
1934
1893
1923
1966
1923
1951
1953
1937
1944
1917
1994
1947
1927
1932
2013
1968
1913
1936
2022
1914
1891
1951
1912
1910
2006
1891
1935
1863
1885
1959
1982
1895
2022
1906
1941
1923
1906
1929
1931
1934
1977
1925
1913
1952
1899
1930
1903
1880
1913
1968
1932
1940
1947
1918
1946
1968
1900
1917
1935
1908
1975
1932
1936
1924
1927
1953
1957
1875
1935
1912
1894
1875
1985
1927
1953
1972
1893
1963
1961
1889
1946
1921
1914
1860
1904
1938
1926
1896
1973
1923
1971
1884
1951
1938
1930
1958
1939
1968
1927
1972
1954
1991
1957
1926
1925
1904
1983
1906
1919
1947
1874
1959
1939
1977
1945
1933
1900
1888
2045
1967
1915
1917
1952
1897
1890
1919
1927
1873
1879
1876
1926
1937
1938
1949
1959
1904
1881
1922
1965
1918
1886
1936
1949
1962
1882
1908
1931
1914
1914
1884
1850
1929
1867
1970
1963
1932
1909
1997
1955
1948
1908
1839
1902
1888
1931
1936
1910
1906
1924
1892
1960
1881
1884
1916
1932
1918
1913
1966
1858
1886
1876
1954
1988
1955
1996
1872
1943
1927
1881
1891
1919
1932
1936
1904
1921
1910
1925
1928
1931
1912
1977
1915
1858
1903
1992
1929
1923
1915
1927
1957
1928
1900
1873
1961
1952
1873
1937
1861
1875
1911
1926
1982
1974
1946
1924
1948
1900
1881
1922
1859
1932
1913
1889
1985
1916
1952
1948
1898
1900
1903
1899
1907
2008
1927
1904
1949
1981
1904
1982
1906
1955
1924
1950
1937
1927
1893
1975
1962
1906
1887
1909
1952
1989
1918
1949
1874
1925
1939
1983
1940
1948
1950
1978
1958
1969
1907
1942
1887
1889
1968
1943
1992
1890
1922
1953
1902
1943
1933
1903
1929
1953
1898
1952
1939
1921
1962
1952
1948
1923
1884
1925
2023
1870
1889
1932
1956
1967
1888
1921
1936
1906
1936
1954
1943
1978
1966
1893
1905
2056
1966
1905
1897
1927
1962
1901
1950
1924
1900
1954
1889
1957
1913
1927
