2169
2156
2118
2144
2163
2140
2126
2122
2120
2130
2151
2149
2087
2145
2159
2139
2127
2128
2126
2140
2151
2110
2134
2142
2142
2115
2118
2126
2125
2157
2165
2107
2129
2121
2120
2122
2142
2140
2139
2118
2144
2143
2140
2122
2143
2124
2129
2125
2148
2136
2130
2152
2088
2144
2149
2136
2174
2129
2125
2136
2142
2135
2132
2133
2159
2169
2099
2125
2171
2110
2152
2137
2119
2126
2137
2110
2142
2139
2181
2139
2159
2129
2147
2139
2123
2131
2149
2156
2118
2176
2146
2100
2134
2151
2167
2104
2154
2166
2135
2097
2103
2083
2154
2138
2129
2144
2094
2175
2132
2107
2154
2150
2141
2135
2131
2155
2063
2168
2141
2136
2152
2175
2169
2136
2148
2157
2160
2185
2112
2151
2143
2168
2148
2133
2151
2162
2178
2156
2134
2128
2099
2121
2115
2157
2165
2134
2140
2163
2118
2122
2145
2152
2123
2133
2173
2157
2133
2167
2139
2143
2144
2138
2127
2145
2120
2122
2158
2154
2130
2112
2107
2140
2162
2106
2159
2154
2131
2165
2099
2126
2129
2144
2153
2175
2159
2123
2136
2160
2114
2162
2147
2092
2103
2136
2135
2125
2127
2158
2153
2130
2141
2148
2158
2138
2153
2129
2133
2128
2133
2162
2107
2154
2074
2135
2128
2148
2152
2153
2144
2144
2144
2144
2130
2171
2154
2151
2135
2164
2102
2146
2144
2150
2099
2175
2109
2107
2150
2168
2150
2130
2127
2152
2135
2116
2175
2154
2091
2154
2157
2124
2147
2153
2151
2143
2139
2134
2084
2127
2105
2113
2104
2169
2111
2094
2134
2133
2124
2151
2152
2138
2150
2164
2128
2131
2152
2157
2148
2186
2150
2118
2136
2146
2126
2144
2110
2142
2140
2093
2152
2145
2148
2126
2116
2108
2136
2120
2134
2159
2148
2081
2162
2118
2170
2165
2138
2124
2149
2145
2128
2173
2130
2146
2155
2155
2125
2144
2108
2128
2147
2144
2083
2114
2152
2160
2139
2153
2157
2126
2134
2139
2168
2165
2117
2148
2106
2126
2160
2133
2127
2148
2130
2138
2166
2186
2170
2137
2124
2128
2148
2157
2166
2134
2136
2160
2156
2155
2156
2164
2165
2157
2156
2122
2169
2159
2163
2174
2148
2148
2143
2169
2145
2110
2128
2127
2146
2128
2160
2152
2141
2144
2153
2147
2160
2144
2123
2133
2149
2123
2124
2077
2123
2125
2134
2154
2138
2154
2153
2146
2147
2147
2168
2145
2146
2150
2158
2119
2121
2129
2169
2136
2149
2138
2160
2127
2152
2178
2152
2153
2148
2139
2153
2117
2156
2157
2143
2141
2104
2117
2153
2153
2140
2142
2168
2153
2110
2142
2127
2108
2139
2075
2097
2137
2070
2139
2141
2139
2164
2158
2150
2132
2145
2129
2065
2163
2117
2163
2161
2114
2156
2143
2149
2139
2141
2173
2136
2137
2156
2146
2123
2147
2131
2152
2104
2152
2151
2159
2143
2150
2117
2129
2135
2151
2146
2159
2124
2132
2151
2141
2097
2140
2131
2158
2170
2146
2162
2143
2139
2112
2145
2152
