1751
1692
1669
1706
1768
1737
1686
1747
1767
1707
1696
1765
1708
1734
1718
1690
1795
1768
1719
1710
1730
1715
1708
1764
1785
1738
1734
1762
1660
1767
1741
1720
1761
1772
1717
1690
1721
1755
1766
1754
1788
1748
1725
1733
1747
1778
1688
1720
1689
1704
1705
1719
1715
1725
1746
1712
1731
1682
1717
1697
1771
1730
1707
1775
1732
1684
1688
1742
1675
1685
1729
1628
1702
1709
1681
1755
1722
1736
1656
1738
1737
1774
1695
1771
1777
1702
1760
1702
1728
1710
1759
1722
1769
1747
1753
1683
1697
1701
1686
1744
1670
1712
1750
1728
1728
1749
1738
1795
1714
1699
1728
1740
1745
1751
1740
1707
1713
1792
1689
1661
1721
1757
1691
1786
1794
1728
1718
1689
1775
1692
1682
1734
1708
1730
1727
1722
1737
1738
1723
1761
1725
1731
1696
1747
1729
1725
1796
1743
1780
1712
1698
1756
1686
1701
1733
1741
1756
1732
1714
1708
1790
1770
1736
1722
1763
1727
1697
1707
1702
1692
1780
1735
1688
1708
1712
1692
1745
1739
1729
1735
1765
1701
1782
1762
1749
1734
1748
1716
1756
1745
1775
1725
1690
1741
1767
1768
1734
1716
1695
1754
1773
1726
1694
1712
1728
1692
1774
1733
1800
1727
1708
1729
1765
1774
1751
1714
1719
1777
1750
1712
1717
1719
1713
1700
1720
1694
1754
1707
1747
1711
1683
1738
1702
1703
1712
1689
1740
1723
1738
1679
1774
1743
1758
1764
1713
1696
1699
1730
1772
1778
1759
1708
1767
1687
1703
1771
1714
1717
1728
1754
1677
1696
1697
1738
1769
1727
1762
1713
1730
1727
1714
1802
1649
1748
1747
1698
1736
1768
1721
1660
1721
1678
1805
1722
1744
1714
1775
1728
1752
1729
1745
1709
1705
1754
1751
1755
1676
1770
1688
1779
1724
1731
1748
1726
1753
1770
1755
1747
1734
1682
1725
1750
1697
1719
1724
1716
1687
1777
1765
1686
1716
1696
1713
1722
1687
1750
1714
1774
1758
1733
1709
1776
1766
1755
1750
1666
1675
1708
1697
1730
1758
1712
1696
1752
1774
1675
1748
1712
1765
1734
1757
1736
1726
1716
1725
1699
1729
1777
1705
1734
1698
1712
1728
1706
1732
1730
1689
1753
1686
1711
1705
1745
1752
1775
1724
1753
1749
1734
1734
1718
1692
1700
1805
1711
1730
1712
1753
1761
1725
1737
1792
1729
1750
1726
1728
1740
1681
1765
1802
1786
1742
1698
1767
1673
1721
1752
1764
1736
1776
1744
1759
1731
1740
1729
1701
1727
1755
1720
1697
1695
1769
1718
1769
1709
1740
1717
1705
1739
1705
1686
1779
1727
1759
1718
1707
1687
1758
1760
1726
1763
1744
1722
1752
1694
1666
1751
1690
1748
1713
1680
1705
1767
1754
1756
1682
1720
1745
1717
1770
1662
1731
1787
1802
1749
1745
1715
1730
1777
1715
1707
1710
1735
1658
1738
1712
1769
1702
1689
1753
1739
1759
1748
1743
1692
1669
1663
1689
1717
1718
1727
1699
1780
1768
1728
1751
1749
1735
1730
1747
1736
