2069
2045
2071
2065
2111
2034
2076
2075
2005
2046
2024
2072
2021
2102
2022
2062
2083
2057
2098
2067
2089
2072
2064
2045
2077
2099
2094
2091
2038
2062
2068
2096
2071
2058
2022
2034
2128
2076
2047
2066
2071
2055
2043
2075
2075
2057
2060
2060
1980
2011
2077
2048
2050
2022
2051
2010
2051
2060
2055
2052
2075
2057
2069
2087
2017
2057
2039
2038
2059
2052
2044
2066
2055
2042
2068
2047
2022
2064
2052
2060
2065
2085
2017
2071
2062
2070
2064
2088
2070
1975
2086
2090
2030
2008
2087
2042
2069
2034
2058
2079
2036
2032
2048
2065
2088
2041
2052
2042
2059
2049
2055
2052
2068
2039
2094
2033
2051
2057
1997
2015
2018
2088
2060
2083
2020
2088
2072
2067
2038
2047
2088
2047
2137
2066
2038
2083
2002
2056
2012
2040
2016
2089
2060
2058
2087
2054
2057
2056
1974
2040
2050
2079
2034
2108
2054
2080
2094
2062
2073
2079
2053
2077
2021
2067
2048
2078
2034
2064
2090
2060
2073
2033
2072
2064
2072
2018
2064
2077
2077
2087
2074
2072
2068
2059
2074
2051
2040
2083
2038
2015
2019
2016
2027
2056
2088
2076
2071
2045
2055
1989
2071
2075
2070
2058
2079
2060
2050
2049
2074
2014
2066
2065
2054
2070
2069
1971
2033
2013
2065
2070
2054
2029
2019
2059
2059
2056
2105
2073
2058
2057
2075
2076
2088
2055
2079
2076
2118
2035
2061
2045
2068
2044
2034
2072
2074
2056
2054
2040
2051
2078
2077
2064
2043
2028
2065
2080
2083
2076
2074
2079
2069
2053
2045
2067
2065
2026
2072
2035
2039
2063
2045
2057
2052
2065
2080
2083
2050
2051
2065
2061
2038
2071
2018
2076
2050
2046
2074
2027
2101
2036
2022
2069
2061
2070
2044
2060
2028
2017
2052
2065
2062
2074
2072
2042
2076
2023
2045
2034
2063
2083
2038
2087
2060
1991
2081
2061
2010
2013
2076
2050
2036
2071
2049
2084
2087
2042
2036
2078
2006
2081
2082
2076
2065
2025
2061
2046
2031
2054
1977
1978
2058
2062
2031
1996
2013
2057
2045
2006
2032
2025
2063
2067
2080
2012
2058
2096
2071
2072
2066
2066
2036
2056
2044
2061
2079
2064
2078
2048
2072
2058
2060
2076
2008
2057
2010
2067
2059
2066
2069
2058
2038
2053
2055
2048
2051
2044
2022
1996
2090
2027
2084
2074
2080
2091
2015
2085
2040
2040
2060
2063
2060
2061
2056
2077
2032
2056
1979
2028
2078
2074
1987
2072
2069
2094
2069
2085
2068
2082
2060
2045
2061
1993
2087
2043
1998
2065
2078
2058
2055
2044
2023
2002
2065
2055
2086
2093
2056
2058
2054
2052
2069
2072
2045
2046
2065
2066
2071
2086
2033
2027
2079
2054
2051
2054
2084
2085
2084
2065
2082
2056
2014
2064
2055
2068
2081
2043
2071
2051
2049
2074
2029
2061
2041
2048
2061
2050
2061
2063
2086
2053
2082
2080
2028
2034
2074
2061
2060
2062
2047
2061
2026
2055
2050
2057
2024
2033
2044
2081
2050
2078
