2053
1999
2005
2003
2010
1998
2022
1992
2048
1998
2008
1971
1929
2068
1988
1990
2069
1972
2006
1959
2007
1985
1979
1985
1955
2092
2050
2031
1974
2017
1970
2031
1958
2039
2021
1967
2006
2011
2009
1977
2003
1904
2052
2086
1972
2017
1995
2015
1964
2019
1977
1988
2080
2002
1971
1981
1964
1956
1995
2025
2024
1977
2013
1985
2041
1962
2017
1969
1966
2025
2019
1965
1968
1984
2006
2012
1982
2001
1916
1994
1963
2062
2004
1967
2056
1943
1993
2048
2001
1976
2007
1997
2052
2022
1985
2002
1982
2007
1969
1980
1990
1950
2037
1965
2026
1977
1971
1965
1991
1977
2008
2010
2007
2013
1990
1987
1992
1977
1983
2024
1960
2021
1961
1992
2022
1996
1999
1993
1988
1980
1999
1994
2048
2097
2019
2034
1981
2005
2012
1952
1996
2021
1979
2014
2073
2056
2026
1994
2023
1997
1942
2001
2047
2015
2021
2006
1993
1983
1980
1977
1987
2031
2037
1976
1983
1961
1971
1994
1978
1986
2010
2086
2087
1967
2028
1994
2005
2041
2032
2017
1999
1973
2012
1964
2005
2074
2043
2056
1976
2013
2018
2040
1983
2001
2006
1991
1986
1989
1982
1994
2007
1969
1996
1996
1983
2020
1974
1983
1985
2026
1995
1964
1989
1993
1989
2000
2038
1984
2033
1970
1936
1999
2022
2017
2003
2018
2008
2092
1995
1997
1975
1990
1993
2035
2016
2038
1999
2007
1975
1996
2017
2030
2011
1982
1949
2085
1993
1987
1966
2007
1973
2019
2014
1966
2010
2006
2039
2009
1996
2014
2050
1965
1962
2088
2006
2005
1980
2005
2000
1928
1989
1978
1966
1987
2004
2031
2002
1982
2008
2031
2015
2020
1977
1979
1958
2036
1977
1978
2030
1955
2028
1998
2027
1943
1929
2000
1976
1982
2018
1981
1984
2042
1979
2087
1986
2010
2013
1986
1992
1972
1990
2010
2004
2003
2053
1938
2011
1936
1979
2002
2075
2009
1974
2036
2004
2018
1982
1979
2021
1980
1997
2042
2051
1996
2039
1995
1950
2094
1955
2008
1977
2060
1985
1959
1930
1978
2051
2012
2052
1990
1994
1948
2055
2016
2007
2029
2034
1976
2017
2020
2025
2012
1978
1998
2003
1997
1938
1996
1955
1984
2037
2026
1955
2000
2019
1972
2018
1994
1989
1995
2066
1973
2000
2015
1986
2009
1999
1989
1994
1977
1935
2060
1970
2097
2021
1958
2040
2000
1977
1996
2043
2023
2015
1958
1986
2029
2015
2025
1967
2000
1991
2000
2040
1964
1985
2010
2037
1953
2047
2000
1950
1958
2029
2053
2034
2046
1994
2010
1963
1990
2004
2004
1992
2074
2001
2052
2004
2024
2025
2006
1991
2074
2033
2100
1979
2017
1968
2013
1976
2021
1985
2065
2021
2017
2011
2042
2037
2086
1998
2019
2002
2021
2069
2036
2024
2001
2010
1987
2020
2003
2005
2013
1983
2002
1982
1984
2017
2014
1957
1992
2013
1971
2016
2014
1987
1986
1991
2056
2012
1983
2032
2023
1999
1971
1988
1977
1953
1984
1987
1993
