1934
1947
1901
1937
1943
1954
2042
1898
1946
1951
1857
1927
1936
1895
1869
1987
1946
1891
1930
1932
1920
1918
1924
1890
2050
1930
1935
1927
1913
1928
1903
1966
1947
1957
1897
1867
1931
1876
1905
1852
1930
1933
1895
1933
1856
1941
1904
2032
1896
1925
1960
1945
2144
1862
1909
1915
1989
2061
1844
2015
1878
1940
2069
2049
1922
1967
1883
1909
1909
1953
1893
1914
1892
1914
1933
2012
1922
1943
1939
1930
1878
1914
1892
1839
2005
1938
1926
1929
1944
1915
1891
1976
1912
1875
1948
2076
1886
1933
1940
1927
1934
2034
1940
1948
1934
1935
1888
1941
1919
1910
1932
1900
1871
1909
1910
1854
2038
1937
1935
1895
2031
1945
1923
1949
1904
1913
1947
1876
1914
1846
1928
1936
1912
1873
2062
1922
1934
1919
1921
1917
1916
1935
1938
1897
1909
2031
1924
1931
1979
1949
1946
2021
1890
1869
1918
2012
1930
1926
1920
1994
1855
1922
1935
1923
1904
1878
1942
1924
1893
1912
1880
1913
1888
1929
1912
1874
1876
1923
1894
1932
1912
1870
1907
1910
1954
2048
1861
1881
1924
1901
1924
1885
1882
1896
1917
1918
1917
1947
1893
2056
1923
1933
1900
1945
1894
1870
2046
1880
1889
2074
1940
1923
1886
1956
1875
1889
1902
1875
1885
1895
1881
1927
1903
1914
1854
1940
1940
1872
1864
1917
1926
1906
1944
1942
1951
1863
1872
2088
1932
2037
1896
1952
1889
1972
1932
2047
1918
1927
1945
1902
1938
1891
1900
1935
1866
1932
1965
1935
1887
1933
1903
1957
1879
1898
1881
2026
1930
1877
1940
1893
1940
1928
1942
1912
1971
1870
1917
1915
1846
1902
1921
1933
1900
1959
1906
1963
2001
1928
1887
1961
1943
1911
1926
1915
1935
1900
1968
1937
1926
1928
1922
2077
1883
1921
1911
1868
1908
1936
1959
1951
1910
1908
1937
2056
1927
1921
1990
1978
1885
2041
1873
1942
1900
1908
1879
1917
1905
1880
1966
1953
1923
2024
1970
1912
1912
1936
2008
1921
1886
1880
2019
1881
1902
1930
1873
1957
1907
2052
2032
1928
1913
1933
1879
1978
2053
1977
1939
1942
1947
1880
1939
2036
2055
1912
1919
1896
1937
1937
1928
2033
1882
1857
1970
1836
1922
1965
1936
2028
1917
1926
2017
1920
2021
1919
2045
1955
1951
1973
1953
1858
1898
2079
1947
1918
1910
1886
1933
1897
1926
2018
2052
1945
1941
1919
1926
1895
1896
1918
1884
2008
2025
1895
1931
1871
1877
1928
1859
1907
1939
1895
1936
1889
1850
1902
1926
1931
1936
1885
1897
1903
1961
1917
1924
1923
1916
1938
1925
1884
1959
1889
1909
1902
1917
2043
1896
1893
1903
1916
1976
1952
1905
1913
1927
1896
1907
1921
1888
1903
1876
1907
1915
1905
1888
1936
2002
2063
1938
2024
1948
1919
1963
1913
1901
1923
1926
1928
1918
1862
1963
1955
1940
1903
1885
1884
2078
1925
1950
2025
1922
2004
1917
1925
1901
1887
1932
1888
1968
1902
2005
2059
