2018
2003
1959
1977
1982
2003
1989
2020
2025
2050
2020
2043
2042
1992
2049
1999
1988
1975
1965
2004
2001
1954
2017
2030
1962
1987
1982
1978
2065
2067
1991
1966
2086
2000
2015
2009
2010
2013
2035
1966
2042
1988
1988
1987
1990
1995
2075
2009
1990
2034
2015
2023
2013
1997
1962
2008
2011
2004
2034
1982
1960
2021
1976
2025
1997
2039
2009
2016
1996
2011
2012
1993
2040
2063
2012
2021
2017
2077
1995
1998
2040
2008
2046
2009
2004
2016
1994
2003
2019
2019
1993
2066
2013
1999
2072
1973
1990
2003
2007
2019
2031
2055
1971
2015
1961
2031
2031
2014
2021
2005
2048
2029
1990
2057
2020
1997
2012
2004
2019
1939
2007
1993
1996
1981
2040
1988
2003
1987
2068
1990
1995
2050
2041
2064
1950
2009
2084
2018
2011
2048
1999
2036
2056
1926
2059
1978
2005
1999
2017
2056
2012
2040
1984
2013
2099
1957
2031
1971
1975
1995
2042
1961
2033
1964
1973
2007
1991
2035
2019
2004
2001
2024
2047
2007
2024
1993
2008
2031
1977
2050
1995
1989
1969
2026
2075
1986
1954
2036
2028
2055
1993
1978
1969
2045
2074
1994
1971
2058
2039
1989
2007
1963
2019
2021
1996
2017
2025
2025
2059
1981
1998
1973
2048
1981
1999
2030
2014
2012
1998
2022
2019
1999
2082
2051
2003
1969
1989
2039
2005
2001
2068
2041
2043
1996
2000
1996
2001
2017
1960
2039
2006
1993
2048
1952
2021
2054
1998
1999
2024
2009
2014
2010
2002
2028
1996
2041
2017
1991
2062
2035
1982
2054
2016
2012
2034
1996
1953
2048
1968
1989
2010
2042
2014
2065
2001
1982
2057
2023
2007
2013
2031
2014
2011
1989
2007
2024
1997
2008
1965
1999
1971
1985
1988
2004
1969
1992
2014
1996
2032
1993
2016
2029
2011
2025
2005
2009
2091
1966
1996
2036
1985
2018
2027
2032
1991
2029
1969
2016
1990
2025
2078
1990
1997
1992
1992
2030
2003
1996
2020
2014
2029
1989
2016
2038
2008
1993
2050
2008
2051
2058
1985
1930
1991
2029
1972
1948
2011
2016
2042
1972
2025
1944
2044
2034
2029
1989
2020
2041
2008
1998
2027
2005
2033
1999
2011
2026
2031
1975
2101
2006
2021
2023
2001
1983
2027
2037
2004
1962
1981
2030
2040
2009
1982
2025
1982
2004
2017
2032
2047
2005
1973
2034
2043
1995
2002
2003
1979
1997
1938
2024
1983
2005
2014
2001
2011
2048
1986
2066
1994
2022
2034
1976
2033
2046
2028
2002
1989
2010
1993
1985
2043
2046
2039
1935
2032
2038
2030
2019
2052
2011
2027
2028
2042
2064
2055
2012
2047
2043
2005
2015
2032
2022
2067
2000
2014
2000
2043
2038
1942
1966
2031
2034
2001
1986
2033
2045
1987
2011
2012
2013
2027
1995
2018
2000
1976
1977
2055
2015
1996
2013
2012
1988
1977
2055
1964
1960
2017
2001
2038
2013
2030
1997
1972
2009
2051
1934
1980
2017
2008
1990
2074
2002
2058
2015
2003
2002
1965
1987
2037
2000
