1795
1793
1808
1835
1840
1887
1844
1842
1822
1843
1791
1856
1896
1833
1807
1853
1856
1856
1815
1836
1862
1836
1810
1820
1861
1843
1776
1804
1831
1865
1869
1836
1840
1842
1831
1880
1810
1871
1827
1907
1824
1871
1863
1793
1824
1809
1828
1835
1866
1863
1824
1837
1801
1840
1783
1798
1821
1864
1806
1780
1855
1799
1802
1857
1801
1867
1827
1884
1832
1869
1874
1819
1865
1840
1836
1885
1849
1821
1871
1870
1855
1788
1826
1894
1816
1805
1839
1881
1845
1842
1828
1827
1860
1896
1873
1787
1804
1853
1797
1829
1837
1834
1851
1816
1816
1806
1808
1843
1785
1806
1861
1828
1886
1877
1829
1800
1814
1814
1877
1857
1837
1843
1794
1839
1818
1808
1822
1785
1854
1822
1838
1820
1815
1844
1851
1841
1862
1900
1840
1843
1841
1828
1818
1866
1881
1839
1796
1870
1891
1872
1859
1810
1855
1889
1845
1847
1817
1837
1864
1822
1843
1829
1848
1855
1860
1831
1880
1798
1822
1858
1812
1804
1854
1812
1837
1890
1869
1801
1893
1884
1827
1814
1864
1885
1869
1813
1827
1848
1848
1853
1891
1836
1869
1797
1833
1862
1877
1769
1813
1857
1886
1784
1802
1786
1809
1869
1814
1782
1853
1840
1852
1878
1880
1902
1865
1886
1822
1887
1869
1862
1855
1847
1870
1834
1874
1801
1852
1834
1825
1805
1863
1893
1836
1839
1896
1843
1823
1770
1838
1839
1888
1876
1878
1837
1863
1865
1880
1796
1836
1873
1855
1769
1842
1891
1841
1774
1854
1829
1891
1855
1853
1854
1815
1816
1882
1847
1840
1830
1893
1822
1844
1889
1845
1916
1819
1825
1839
1869
1804
1822
1822
1861
1811
1842
1854
1812
1852
1880
1842
1796
1793
1879
1773
1819
1822
1815
1814
1799
1811
1896
1812
1857
1873
1818
1848
1840
1838
1840
1875
1808
1872
1850
1864
1796
1848
1839
1824
1836
1764
1840
1802
1834
1830
1818
1864
1863
1863
1877
1806
1830
1829
1885
1821
1834
1833
1835
1857
1870
1834
1841
1799
1904
1850
1817
1843
1820
1850
1797
1807
1784
1864
1833
1866
1839
1830
1817
1841
1864
1867
1816
1821
1849
1818
1862
1829
1862
1844
1825
1810
1846
1799
1823
1819
1892
1869
1887
1831
1884
1852
1797
1840
1818
1861
1856
1826
1889
1829
1818
1803
1851
1826
1862
1814
1799
1863
1852
1821
1814
1855
1817
1873
1848
1843
1829
1841
1869
1861
1871
1823
1830
1804
1851
1870
1849
1868
1876
1845
1797
1842
1864
1845
1847
1840
1884
1854
1870
1880
1804
1800
1882
1804
1812
1865
1888
1842
1837
1819
1894
1866
1865
1855
1851
1886
1856
1858
1816
1872
1846
1849
1817
1874
1842
1838
1872
1867
1839
1802
1863
1828
1830
1844
1833
1844
1779
1804
1855
1832
1807
1856
1797
1852
1890
1822
1824
1820
1817
1813
1795
1869
1813
1865
1818
1828
1880
1837
1859
1838
1836
1796
1858
1877
1815
1822
1882
1865
1827
1869
1824
1840
1804
