2151
2172
2149
2172
2170
2161
2143
2131
2220
2201
2097
2134
2171
2137
2168
2126
2156
2161
2140
2088
2151
2161
2157
2173
2136
2149
2184
2161
2176
2155
2178
2158
2189
2168
2160
2161
2161
2140
2202
2132
2177
2171
2169
2163
2172
2140
2186
2149
2127
2188
2138
2153
2121
2141
2151
2231
2190
2161
2159
2156
2139
2159
2163
2170
2134
2182
2165
2143
2138
2167
2144
2166
2172
2163
2171
2134
2171
2196
2183
2178
2171
2176
2158
2166
2151
2174
2128
2166
2162
2147
2181
2176
2165
2151
2162
2148
2182
2149
2172
2155
2166
2136
2176
2166
2159
2124
2161
2182
2181
2186
2155
2144
2182
2138
2157
2175
2154
2139
2176
2164
2135
2140
2180
2149
2167
2137
2138
2178
2192
2124
2160
2069
2140
2128
2153
2127
2130
2165
2157
2157
2155
2193
2157
2138
2164
2178
2142
2155
2141
2152
2165
2168
2141
2139
2112
2145
2151
2154
2179
2149
2143
2130
2165
2100
2156
2164
2198
2184
2182
2157
2160
2144
2170
2169
2150
2171
2154
2163
2168
2162
2115
2179
2151
2151
2181
2171
2151
2158
2163
2147
2189
2169
2143
2154
2162
2160
2174
2150
2175
2181
2114
2171
2150
2195
2168
2148
2182
2078
2151
2131
2183
2160
2146
2162
2194
2184
2183
2145
2122
2141
2117
2191
2150
2169
2150
2183
2163
2201
2185
2105
2160
2183
2151
2166
2159
2156
2128
2209
2142
2157
2138
2181
2163
2156
2159
2148
2174
2154
2187
2160
2161
2143
2166
2179
2189
2192
2155
2164
2172
2167
2176
2182
2182
2173
2145
2090
2095
2085
2121
2175
2196
2146
2167
2176
2202
2122
2161
2132
2164
2175
2148
2204
2161
2157
2165
2162
2161
2185
2137
2137
2163
2169
2149
2151
2189
2142
2168
2173
2170
2162
2161
2137
2240
2126
2119
2151
2187
2185
2196
2171
2156
2173
2176
2166
2181
2165
2170
2159
2147
2170
2157
2157
2146
2160
2164
2148
2102
2183
2183
2150
2115
2168
2141
2173
2152
2163
2246
2163
2135
2151
2165
2144
2169
2155
2123
2103
2166
2174
2125
2150
2177
2173
2163
2154
2152
2130
2163
2155
2149
2164
2150
2171
2155
2132
2126
2175
2183
2160
2171
2155
2166
2172
2154
2154
2190
2167
2155
2113
2159
2095
2180
2182
2153
2162
2177
2139
2189
2146
2163
2150
2128
2168
2156
2182
2175
2121
2117
2166
2129
2151
2145
2132
2192
2130
2175
2192
2165
2165
2164
2154
2148
2098
2171
2128
2174
2158
2169
2182
2164
2169
2182
2186
2157
2140
2148
2152
2139
2150
2110
2122
2169
2130
2140
2150
2152
2150
2127
2146
2191
2163
2187
2190
2151
2173
2152
2157
2182
2149
2173
2167
2142
2192
2160
2211
2170
2185
2181
2141
2155
2160
2151
2125
2145
2189
2172
2131
2190
2115
2151
2130
2146
2153
2148
2139
2132
2185
2130
2162
2157
2126
2178
2073
2170
2156
2184
2147
2157
2128
2158
2155
2149
2174
2151
2136
2166
2147
2189
2099
2168
2146
