1902
1941
1946
1935
1829
1958
1867
1902
1913
1894
1906
1946
1942
1946
1926
1924
1860
1858
1924
1914
1922
1930
1851
1982
1946
1951
1857
1925
1916
1920
1932
1872
1900
1944
1867
1916
1942
1877
1888
1884
1962
1913
1914
1906
1916
1929
1930
1930
1871
1897
1923
1891
1919
1938
1944
1888
1953
1925
1850
1958
1872
1889
1900
1939
1936
1909
1912
1897
1933
1881
1866
1899
1922
1949
1861
1909
1882
1880
1917
1851
1924
1915
1905
1897
1938
1959
1908
1939
1966
1906
1931
1911
1899
1902
1885
1907
1936
1934
1914
1894
1935
1942
1937
1911
1943
1915
1940
1930
1891
1866
1944
1934
1918
1937
1917
1937
1825
1920
1952
1841
1939
1881
1917
1951
1909
1892
1904
1930
1870
1890
1873
1889
1859
1927
1857
1897
1954
1919
1907
1892
1932
1915
1946
1908
1882
1942
1930
1938
1906
1891
1889
1961
1951
1907
1927
1940
1903
1904
1949
1906
1882
1917
1923
1881
1912
1899
1870
1915
1936
1910
1910
1884
1904
1829
1842
1916
1912
1916
1878
1920
1897
1897
1929
1934
1946
2159
1882
1930
1914
1907
1906
1912
1904
1891
1993
1921
1880
1939
1859
1918
1947
1924
1912
1872
1854
1843
1884
1908
1949
1972
1929
1892
1903
1958
1917
1890
1936
1848
1962
1904
1833
1962
1907
1855
1881
1938
1840
1906
1866
1926
1944
1938
1912
1903
1903
1852
1962
1955
1937
1911
1958
1933
1934
1956
1928
1896
1950
1936
1914
1954
1851
1888
1852
1926
1832
1910
1934
1860
1913
1928
1922
1935
1919
1846
1867
1933
1905
1937
1913
1919
1951
1906
1853
1846
1887
1874
1869
1915
1915
1906
1878
1870
1961
1918
1905
1905
1969
1938
1896
1900
1911
1906
1876
1878
1943
1928
1892
1863
1880
1968
1905
1927
1932
1915
1905
1857
1922
1898
1912
1958
1953
1906
1919
1949
1953
1890
1927
1878
1927
1915
1950
1936
1891
1888
1914
1923
1902
1922
1998
1914
1894
1857
1900
1922
1945
1946
1902
1877
1940
1890
1892
1923
1886
1916
1922
1924
1917
1927
1910
1888
1893
1859
1925
1942
1946
1892
1904
1870
1894
1896
1940
1856
1941
1888
1898
1958
1915
1875
1908
1893
1912
1907
1942
1926
1935
1916
1928
1879
1883
1940
1932
1872
1906
1890
1927
1911
1933
1905
1928
1928
1897
1870
1886
1912
1906
1917
1910
1939
1856
1908
1875
1900
1854
1921
1891
1898
1930
1902
1896
1942
1916
1937
1952
1937
1879
1887
1931
1912
1938
1896
1863
1893
1938
1891
1938
1846
1946
1901
1917
1919
1895
1920
1949
1866
1892
1917
1934
1899
1959
1940
1904
1861
1905
2134
1877
1926
1900
1917
1936
1977
1884
1882
1926
1907
1943
1901
1871
1896
1928
1921
1892
1922
1891
1903
2112
1826
1863
1861
1939
1908
1918
1918
1924
1891
1903
1923
1883
1946
1919
1898
1952
1908
1911
1924
1906
1897
1964
1931
1880
1941
1898
1855
1927
1916
1925
1950
1972
1908
1859
1923
