2098
2131
2125
2111
2134
2134
2124
2098
2093
2117
2124
2109
2094
2097
2106
2135
2081
2104
2125
2123
2078
2092
2108
2121
2075
2108
2091
2100
2097
2134
2131
2123
2090
2130
2140
2145
2142
2107
2118
2096
2108
2088
2085
2131
2134
2093
2122
2104
2086
2103
2117
2094
2104
2117
2138
2118
2128
2101
2109
2017
2108
2137
2088
2074
2163
2124
2121
2111
2122
2127
2111
2104
2123
2080
2136
2124
2086
2062
2049
2081
2122
2098
2139
2100
2078
2120
2154
2124
2063
2129
2127
2120
2122
2120
2141
2087
2089
2129
2170
2136
2112
2100
2112
2080
2109
2108
2090
2135
2124
2113
2168
2084
2094
2097
2155
2083
2117
2075
2106
2078
2084
2093
2111
2112
2119
2114
2057
2148
2125
2106
2084
2099
2082
2102
2116
2106
2093
2075
2085
2124
2099
2138
2077
2066
2103
2082
2074
2147
2120
2113
2071
2127
2124
2042
2140
2078
2069
2104
2097
2136
2137
2122
2155
2070
2128
2118
2141
2157
2141
2105
2121
2090
2097
2128
2067
2029
2101
2132
2107
2134
2108
2097
2154
2079
2141
2061
2119
2109
2128
2115
2114
2134
2081
2061
2114
2127
2121
2096
2097
2088
2131
2130
2121
2112
2113
2149
2105
2105
2125
2165
2095
2117
2100
2156
2109
2137
2144
2078
2109
2156
2088
2105
2134
2110
2088
2104
2089
2103
2103
2041
2087
2116
2052
2112
2108
2137
2126
2093
2123
2084
2073
2111
2154
2114
2138
2136
2115
2113
2066
2089
2092
2120
2140
2109
2103
2116
2103
2076
2138
2118
2075
2128
2108
2093
2096
2103
2075
2063
2147
2095
2129
2118
2119
2104
2099
2124
2140
2091
2118
2082
2126
2071
2112
2110
2065
2112
2123
2069
2115
2048
2085
2149
2079
2103
2095
2123
2120
2130
2164
2160
2121
2133
2073
2153
2089
2121
2089
2114
2126
2132
2100
2110
2056
2118
2117
2101
2166
2129
2109
2072
2113
2091
2070
2069
2140
2077
2134
2159
2068
2162
2094
2110
2132
2117
2031
2105
2128
2107
2117
2095
2109
2118
2144
2083
2116
2077
2146
2059
2127
2106
2087
2101
2113
2108
2087
2047
2136
2147
2116
2126
2053
2115
2117
2067
2092
2130
2075
2108
2103
2109
2080
2041
2117
2124
2103
2113
2139
2051
2110
2115
2130
2157
2082
2154
2131
2110
2092
2123
2089
2129
2112
2121
2106
2121
2087
2131
2101
2033
2113
2112
2100
2091
2138
2102
2111
2120
2110
2107
2115
2115
2111
2116
2125
2130
2089
2079
2131
2116
2090
2106
2121
2107
2115
2098
2152
2121
2143
2046
2105
2103
2094
2145
2133
2074
2091
2117
2089
2092
2126
2113
2038
2127
2122
2109
2088
2079
2121
2130
2128
2117
2137
2109
2082
2109
2131
2094
2175
2124
2109
2117
2117
2103
2117
2125
2117
2063
2113
2110
2114
2096
2101
2094
2146
2102
2090
2103
2141
2152
2078
2114
2111
2120
2119
2132
2088
2081
2088
2117
2123
2138
2109
2140
2095
2086
2097
2088
2128
2101
2127
2111
