1730
1656
1684
1699
1691
1695
1662
1652
1581
1586
1649
1639
1637
1721
1740
1691
1645
1628
1632
1656
1682
1602
1614
1705
1683
1651
1640
1711
1701
1671
1714
1724
1695
1725
1712
1734
1712
1705
1693
1742
1716
1745
1623
1688
1612
1704
1628
1635
1648
1662
1638
1674
1626
1693
1679
1677
1690
1702
1662
1620
1737
1714
1705
1730
1663
1704
1735
1646
1728
1712
1615
1660
1626
1712
1698
1695
1689
1639
1670
1723
1683
1728
1648
1669
1709
1719
1712
1710
1709
1696
1722
1657
1633
1683
1679
1620
1650
1593
1606
1662
1667
1715
1662
1626
1681
1689
1685
1726
1690
1714
1636
1693
1715
1709
1668
1677
1686
1610
1708
1756
1692
1650
1679
1666
1704
1642
1626
1601
1696
1622
1691
1661
1697
1614
1752
1722
1693
1673
1743
1681
1642
1736
1613
1709
1724
1664
1644
1588
1655
1612
1688
1709
1724
1692
1584
1660
1638
1731
1635
1643
1597
1739
1668
1718
1703
1626
1699
1704
1709
1598
1740
1703
1702
1591
1668
1711
1627
1637
1693
1698
1617
1665
1716
1681
1747
1655
1671
1755
1697
1720
1699
1686
1629
1610
1676
1692
1695
1708
1689
1687
1710
1621
1617
1699
1665
1705
1665
1710
1563
1588
1669
1673
1628
1647
1634
1635
1632
1717
1721
1627
1704
1667
1632
1697
1724
1702
1718
1642
1654
1719
1669
1719
1708
1652
1703
1604
1704
1587
1646
1689
1697
1685
1698
1665
1670
1708
1693
1639
1675
1649
1667
1721
1713
1615
1703
1563
1673
1631
1708
1698
1717
1719
1704
1624
1712
1662
1692
1715
1618
1701
1635
1655
1634
1654
1692
1631
1628
1702
1689
1653
1681
1657
1647
1639
1709
1735
1680
1652
1665
1658
1677
1679
1701
1625
1686
1601
1689
1692
1626
1652
1646
1680
1648
1700
1702
1634
1646
1610
1683
1670
1619
1675
1653
1622
1677
1673
1699
1698
1645
1616
1663
1701
1689
1608
1695
1659
1603
1685
1585
1653
1692
1703
1553
1702
1712
1576
1620
1690
1616
1741
1652
1688
1642
1700
1653
1699
1687
1611
1646
1608
1709
1711
1684
1643
1587
1630
1706
1646
1644
1684
1738
1704
1652
1724
1620
1607
1648
1650
1614
1713
1686
1634
1732
1649
1669
1716
1705
1691
1734
1614
1729
1702
1724
1694
1614
1612
1583
1707
1687
1647
1661
1636
1685
1722
1640
1679
1697
1648
1668
1696
1677
1744
1743
1586
1652
1723
1710
1606
1675
1643
1683
1672
1732
1712
1567
1700
1722
1621
1713
1720
1677
1681
1693
1710
1740
1650
1693
1691
1599
1652
1725
1588
1700
1695
1730
1670
1699
1697
1699
1636
1705
1674
1694
1720
1709
1752
1580
1664
1737
1641
1685
1701
1633
1587
1695
1750
1591
1635
1689
1668
1699
1650
1711
1651
1707
1668
1657
1698
1651
1689
1645
1640
1719
1692
1615
1723
1692
1687
1639
1671
1707
1631
1708
1698
1595
1634
1728
1671
1698
1728
1675
1683
1590
1714
1722
1733
1651
1747
1717
1725
