2043
2089
2064
2120
2105
2065
2126
2106
2093
2059
2092
2098
2097
2091
2093
2076
2067
2110
2098
2129
2145
2109
2108
2085
2070
2109
2100
2088
2097
2111
2096
2125
2044
2086
2114
2084
2131
2096
2097
2066
2111
2121
2124
2095
2106
2094
2132
2094
2090
2065
2116
2109
2070
2117
2094
2093
2112
2033
2087
2064
2100
2112
2116
2097
2079
2117
2117
2049
2123
2033
2129
2098
2040
2116
2112
2121
2083
2063
2087
2049
2104
2082
2033
2083
2106
2117
2117
2093
2082
2114
2083
2099
2104
2105
2084
2103
2084
2144
2096
2108
2070
2120
2119
2109
2156
2094
2035
2052
2089
2105
2105
2082
2088
2108
2113
2094
2104
2119
2133
2101
2084
2118
2072
2103
2057
2089
2104
2106
2099
2094
2109
2079
2118
2102
2118
2087
2132
2083
2057
2092
2091
2033
2115
2088
2099
2098
2073
2101
2107
2079
2116
2068
2081
2022
2147
2090
2097
2013
2061
2118
2071
2030
2133
2091
2112
2077
2075
2104
2095
2091
2104
2127
2029
2098
2117
2137
2111
2126
2064
2160
2093
2117
2070
2105
2087
2081
2083
2098
2156
2131
2122
2101
2119
2106
2114
2085
2046
2088
2104
2123
2146
2132
2076
2104
2099
2094
2086
2123
2094
2097
2117
2089
2100
2108
2056
2111
2088
2100
2085
2099
2103
2110
2109
2114
2107
2141
2115
2084
2093
2106
2096
2082
2084
2078
2119
2094
2039
2084
2050
2091
2131
2089
2115
2116
2096
2121
2071
2102
2057
2090
2109
2103
2091
2080
2046
2087
2074
2108
2049
2075
2117
2089
2121
2111
2152
2077
2083
2131
2149
2095
2079
2100
2099
2140
2096
2089
2089
2053
2101
2118
2096
2111
2095
2086
2122
2082
2099
2073
2121
2090
2094
2120
2091
2081
2126
2044
2066
2102
2104
2070
2110
2110
2118
2125
2099
2137
2108
2081
2091
2147
2100
2093
2116
2118
2101
2085
2108
2133
2084
2055
2080
2124
2114
2094
2080
2063
2108
2110
2087
2122
2090
2062
2097
2117
2082
2115
2062
2119
2111
2103
2113
2080
2101
2121
2137
2113
2118
2122
2088
2117
2087
2089
2099
2119
2121
2091
2128
2120
2104
2100
2105
2081
2142
2114
2121
2062
2083
2084
2076
2096
2076
2148
2103
2071
2102
2124
2104
2057
2108
2074
2103
2084
2117
2120
2109
2129
2110
2097
2084
2070
2098
2090
2098
2081
2123
2105
2046
2120
2103
2100
2084
2088
2100
2076
2102
2107
2087
2107
2126
2134
2109
2111
2109
2115
2133
2124
2123
2091
2076
2079
2135
2088
2059
2116
2109
2095
2087
2093
2097
2079
2094
2077
2104
2074
2128
2093
2136
2103
2126
2069
2149
2097
2120
2124
2137
2058
2121
2102
2060
2114
2069
2138
2110
2096
2105
2103
2054
2084
2117
2067
2100
2113
2111
2087
2100
2101
2109
2080
2088
2077
2090
2104
2106
2050
2089
2040
2103
2090
2103
2104
2118
2112
2050
2031
2103
2039
2069
2061
2018
2151
2098
2133
2109
2098
2123
2122
2070
2104
2101
2111
