1974
1992
1972
2004
2027
2009
1975
2018
1962
1994
2062
2012
2025
1952
1970
2004
1961
1964
1970
1970
1986
1965
1985
2001
2020
2022
1969
1954
1992
2006
1981
1953
1970
1931
2008
1981
1983
1934
1963
2029
1975
1986
2013
1980
1962
1966
2007
1925
2039
2006
1950
1989
2007
1991
1948
1995
1955
1984
2033
2001
2039
2007
1997
1950
2070
2015
1993
1948
1973
1915
1927
1982
2037
1981
2005
1975
1985
1920
1982
1949
1974
1993
1954
1951
1966
2014
1996
1973
2028
1956
1963
2075
2024
2043
1929
1938
2002
1961
1944
1996
1979
1999
1959
1987
2078
1986
1961
1976
2059
2004
2005
1938
1983
1940
1969
2063
1962
1948
1994
1980
2057
1986
1983
1926
1989
1989
1944
1993
1982
1958
1942
2009
1964
1988
1979
1959
1970
1958
2004
1987
1984
2001
1996
1949
1964
2023
2023
1923
1989
2016
2011
1971
1942
1991
1997
1937
1936
1977
1978
1983
1946
1951
2019
1993
2011
1983
1992
2033
1940
2006
2026
1926
1995
1964
1980
1995
1956
1994
1947
2008
2050
1959
2093
2038
1965
2040
2010
1954
1901
2019
2031
1992
1968
1949
1972
1960
1986
1921
1979
1933
1968
1997
1991
2042
1941
2001
2013
1960
1986
1951
1987
2060
1977
1955
1976
1965
1977
1992
2013
2027
1962
1969
1952
1933
1960
1950
1960
1900
2044
1985
1974
2055
1923
1992
2023
1947
1989
1945
2063
1978
1960
1980
2006
2026
1984
1914
2047
1996
1968
2021
1963
1977
1962
1972
1920
2067
2029
1976
1997
1956
1932
1951
1992
1986
1980
1976
1926
1940
1985
1954
1989
2058
1970
1968
1957
2034
2019
1943
2047
2043
1952
2005
1970
1948
2068
1988
1939
2093
1949
2043
1977
2000
1928
1993
1986
2002
1963
1991
1986
1958
1966
1995
1958
1966
2000
1981
1974
1944
1957
1963
1976
1984
1986
2036
1955
1945
1966
1986
1923
1937
2028
1990
1972
1965
1997
1954
1944
1999
1972
1927
2009
1987
2007
1985
1954
2021
1958
1946
1987
2007
1976
2017
1993
1974
2001
1953
1965
1973
1980
2060
1967
1969
2031
2001
1948
2016
1936
1947
1978
1990
2023
2007
1960
1980
1981
1963
1957
2024
2019
1957
1996
2002
1997
1957
1962
1970
1994
1988
2005
1991
1947
1957
1988
1997
2051
1969
1965
2083
1954
1969
1968
2000
1995
1968
1987
1948
1982
1962
1951
2040
1993
1955
1975
1967
1929
1976
2022
2005
2042
1927
1946
1993
1987
2015
1948
2020
2018
1961
1985
1974
1962
1951
1960
1954
1946
2035
1994
1969
1969
1966
1987
1996
1992
1958
2024
2004
1952
1993
1961
1934
1990
1982
1955
2022
1947
2069
1932
2002
1998
1961
1984
2008
1929
2044
2036
1995
2000
2014
1973
1971
2001
1976
1965
1980
1977
1914
1982
1984
1949
1972
1965
2010
1952
1989
1938
1967
1951
2046
2039
1927
1919
1968
1956
1979
1996
1995
1942
1960
1998
1980
1978
1995
1975
1942
1974
1951
2036
1962
2031
1940
