1966
1829
1997
1845
1792
1969
1977
1829
1786
1851
1808
1827
1812
1826
1753
1820
1801
1765
1840
1837
1818
1974
1940
1791
1859
1797
1809
1752
1975
1844
1936
1863
1935
1819
1811
1936
1838
1835
1777
1801
1834
2074
1730
1743
1974
1800
1938
1952
1885
1826
1933
1996
1810
1775
1799
1770
1792
1773
1979
1801
1788
1841
1760
1964
1876
1788
1842
1747
1762
1782
1779
1800
1931
1961
1913
1797
1795
1787
1903
1853
1796
1773
1834
1869
1886
1811
1760
1713
1855
1804
1906
1788
1901
1928
1819
1846
1805
1793
1756
1831
1775
1932
1946
1719
1853
1951
1992
2009
1805
1840
1992
1760
1821
1943
1788
1852
1773
1851
1776
1792
1781
1989
1786
1840
1943
1894
1930
1805
1762
1801
1748
1915
1920
1784
1780
1896
1761
1911
1782
1871
1820
1956
1778
1819
1741
1791
1939
1887
1977
1755
1926
1773
1815
1794
1784
1766
1826
1804
1978
2013
1930
1891
1808
1798
1773
1914
1794
1725
1929
1771
1877
1840
1957
1857
1762
1904
1817
1781
1781
1805
1813
1948
1781
1759
1775
1793
1793
1740
1767
1819
1821
1834
1788
1773
1834
1983
1804
1823
1861
1971
1858
1758
1835
1801
1842
1859
1715
1840
1948
1769
2002
1849
1929
1816
1928
1971
1817
1758
1809
1835
1768
2137
1820
1775
1981
1850
1791
1816
1793
1921
1805
2047
1799
1883
1828
1832
1786
1947
1938
1943
1910
1820
1804
1811
1801
1803
1796
1922
1783
1804
1955
1816
1836
1737
1802
1776
1763
1809
1801
1973
1778
1810
1778
1836
1834
1988
1958
1855
1874
1781
1745
1814
1779
1767
1883
1822
1838
1998
1732
1819
1814
1801
1820
1967
1988
1823
1883
1817
1787
1843
1826
1862
1761
1779
1859
1782
1927
1808
1811
1785
2005
1845
1968
1951
1775
1962
1791
1999
1786
1836
1771
1784
1809
1837
2009
1787
1799
1783
1784
1794
1808
1891
1831
1857
2027
1751
1765
1794
1774
1844
1839
1799
1777
1855
1792
1953
1922
1715
1953
1847
1971
1811
1923
1829
1845
1906
1823
1821
1932
1835
1779
1790
1823
1911
1819
1956
1791
1824
1816
1829
1921
1979
1869
2033
1926
1974
1765
1773
1843
1957
1846
1785
1836
1815
1810
1833
1967
1821
1795
1777
1783
1957
1961
1928
1813
1800
1808
1825
1894
1919
1957
1860
1797
1838
1794
1976
1784
1963
1784
1756
1779
1752
1883
1795
1796
1922
1819
1785
1971
1811
1768
1762
1943
1895
1825
1763
1809
1747
1803
1800
1821
1836
1828
1896
1980
1910
2000
1918
1775
1842
1811
1812
1962
1850
1991
1838
1819
1945
1881
1844
1836
1782
1835
1955
1740
1957
1894
1777
1848
1739
1952
1829
1769
1818
1835
1744
1899
1817
2005
1728
1831
1794
1836
1817
1782
1870
1915
1948
2010
1860
1770
1777
1756
1837
1733
1788
1994
1717
1813
1835
1840
2004
1798
1843
1824
1796
1818
1769
1787
1770
1792
1780
1855
1912
1858
1762
1766
1923
1813
1868
