1817
2040
1784
1860
1727
1777
1759
1867
1818
1729
2039
1831
1804
1792
1772
1768
1762
1790
1808
1748
1796
1718
1787
1814
1828
1819
1762
1838
1696
1773
1766
1767
1857
1777
1838
1788
1758
2004
1840
1721
1757
1788
1772
1712
1739
1812
1720
1795
1844
1756
1796
1700
1809
1804
1774
1747
1833
1765
1834
1743
1854
1762
1813
1814
2027
1793
1851
1746
1771
1776
1804
1795
1774
2033
1811
1772
1773
1797
1765
1789
1844
1731
1872
1826
2011
1845
1811
1767
1639
2070
1777
1724
1798
1790
1815
1753
1833
1760
1760
1807
1823
1775
1846
1759
1850
1758
1797
1704
1776
1778
1762
1772
1820
2072
2042
1810
1817
1778
1753
1841
1819
1816
1794
1773
1834
1679
1811
1807
1749
1739
1861
1756
1821
1744
1728
1846
1781
1763
1796
1779
1717
1780
2054
1770
1777
1784
1727
1739
1795
1769
1819
1777
1797
1865
1784
1788
1828
1827
2040
1860
1853
1760
1808
2043
1779
1796
2027
1734
1880
1790
2065
1862
1810
1799
1833
1766
1774
1766
1853
1762
1878
1734
1765
1786
1755
1834
1813
1790
1717
1783
1791
1765
1809
1746
1758
1810
1821
1783
1766
1680
1812
1741
1800
1744
1686
1756
1779
1662
1845
1707
1800
1822
1792
1810
1777
1846
1781
1798
1727
1743
1706
1718
2063
1807
1776
2045
1774
1776
1835
1736
1806
1847
1744
1845
1620
1798
1755
1813
1770
1803
2070
1888
1847
1698
1820
1843
1762
1834
1719
1820
1855
1801
1790
1804
1768
1770
1773
1814
1774
1719
1741
1786
1797
1785
1767
1740
1784
1805
1846
2020
1781
1775
1809
2011
1805
1810
1827
1844
1851
1757
1761
1771
1859
1830
1757
1764
1755
1764
1728
1850
2025
1723
1774
1800
1838
2008
1806
2039
1812
1746
1676
2093
1829
1741
1740
1792
1778
1786
1863
1751
1765
1803
1770
1881
1880
1750
2017
1804
1782
1776
1783
1791
1803
1792
1821
1682
1807
1801
1748
1850
1856
1721
1733
1770
1772
1808
1832
1777
1770
1851
1771
1809
1810
1854
1743
1805
1841
1792
1822
1779
1810
1802
1837
1800
1825
2025
1789
1809
1819
1789
1862
1681
1782
1780
1838
1764
1838
2007
1773
1795
1836
1842
1846
1792
1762
1772
1836
1802
1880
1840
1771
1824
1834
1827
1795
1787
2061
1795
1778
1778
1811
1798
1793
2044
1816
2081
1728
1843
1759
1840
2019
1828
1770
1769
1776
1964
1841
1805
2065
1821
1752
1737
1760
1817
1803
1745
1778
1733
1799
1766
1763
1786
1810
1779
1842
1740
1794
1751
1787
1836
1843
2052
1832
1804
1801
2054
1799
1809
1850
1780
1804
1809
1855
1757
1765
1842
1763
1762
1775
1852
1855
1791
1817
1759
1838
1816
1817
1829
2042
1802
1827
1800
1768
1765
1809
1713
2041
1788
1787
1850
1807
1784
1861
1808
1703
1793
1798
1781
1802
1788
1797
1714
1812
1737
1799
1781
1797
1826
1671
1821
1755
1811
1767
1792
1778
1767
1766
1838
1825
1640
