2068
1984
2040
2048
2013
2016
2029
2067
2033
2045
1988
2026
2037
2038
1993
2036
1986
2053
2024
2032
2002
2051
2067
1965
2004
2040
2045
1998
1986
2021
2012
2040
2070
1999
2001
1971
1996
2029
2073
2012
2000
2021
2021
2018
1964
1989
2024
2023
2016
1991
2008
1978
2016
2014
2029
2040
2037
2020
1991
1978
2032
1991
2033
2036
2000
2033
2047
2000
1957
2042
2021
2060
2025
2028
2038
2015
2013
2010
2035
2018
2025
2013
2015
2065
2008
2034
2050
1996
2042
2046
2026
2013
2040
2004
2059
2010
2024
2015
1976
2045
1994
2006
2002
2037
1986
2001
2014
2020
2044
2029
1995
2029
2053
2026
1985
2008
2006
2061
2027
2027
2025
2030
2031
2041
2069
2000
2003
2038
1980
2039
2024
1997
1952
2036
2011
2005
1984
1968
2061
2003
2029
2018
2029
2041
2021
2069
2014
2053
2014
2013
2017
2061
1992
2024
2021
2028
1998
2033
2032
2021
1978
2030
2031
2000
2043
2029
2030
2020
2018
2042
2027
2018
1969
2004
2060
2029
2044
2027
2013
2011
2037
1989
2043
2018
2050
2006
2031
2016
2033
2015
2046
2033
2014
2072
2011
2057
2022
2046
2025
2002
2024
2013
2004
1996
2041
2103
2057
2008
2055
1949
2018
2069
1988
1961
2031
2030
1980
2020
2063
2056
2015
2015
2017
2050
2044
2017
1974
2033
2023
2000
2020
2026
2003
2047
2027
2004
2005
2050
2055
1991
2013
2035
2036
1996
2037
2050
2029
2030
2034
2019
2030
2050
2028
2032
2058
1984
1964
2003
2062
1986
2035
2032
2016
2018
2015
2004
2005
2024
2027
2015
1970
1998
2041
1991
2008
2003
2043
2003
2052
2036
2002
2010
2031
2014
2029
2026
2036
2055
2011
2024
2002
2055
1996
2030
2011
2131
1959
1986
2012
2030
1974
2038
2005
2023
1975
2036
2040
2010
2030
2006
1989
2013
2001
2030
2033
2021
2033
2013
2009
2013
1983
2048
2027
1962
1973
1932
2011
2035
2011
2046
1968
2028
2000
2041
2003
2042
2016
2017
2038
2036
2022
2039
1980
2009
2050
2005
2009
2033
1998
2026
2022
2020
2026
2025
2030
2055
2048
1992
2043
2022
2044
2032
2051
2021
1954
2040
2056
1990
2033
1976
1996
1988
2029
2045
2018
2020
2017
2054
2018
2043
2016
2030
2032
2023
2045
2041
2025
2004
2011
2028
1981
2042
1997
2016
2035
2027
1979
2040
2030
2031
2001
2015
2015
2027
2005
2028
2045
2022
2032
2038
2014
2005
1950
2045
2004
2026
2044
2003
2024
2012
2031
2046
1992
1998
2021
2061
2046
2033
2036
2024
1971
2032
1973
2045
2023
2013
1990
2019
2003
2003
2030
2067
2029
2005
2052
2037
2150
2006
2012
2011
2014
2016
2012
2005
2058
2034
2047
1988
1964
2026
1936
1992
2044
2031
2020
2027
2042
1999
2034
2054
2018
2055
2037
2029
2032
2037
1997
2028
2012
2030
1964
1978
1998
2143
2020
2035
2027
2008
1991
2040
2042
2060
2022
2131
2035
2013
2039
2003
2014
2039
