1911
1956
1818
1827
1985
1922
1926
1881
1887
1870
1899
1949
1882
2007
1932
1922
1929
1868
1857
1876
1941
1970
1882
1867
1885
1949
1957
1969
1866
1915
1933
1937
1886
1905
1851
1869
1910
1898
1946
1982
1943
1918
1905
1879
1936
1948
1897
1967
1882
1879
1880
1909
1912
1985
1891
1870
1980
1926
1972
1884
1878
1982
1870
1861
2003
1937
1899
1901
1930
1860
1876
1859
1945
1887
1980
1927
1893
1888
1884
1840
1942
1940
1842
1884
1883
1880
1860
1865
1858
1885
2003
1946
1937
2001
1915
1956
1864
1907
1855
1981
1896
2009
1983
1891
1892
1901
1855
1928
1907
1922
1894
1881
1888
1970
1891
1873
1861
1904
1901
1980
1898
1978
1917
1928
1886
1881
1928
1899
1933
1989
1884
1873
1869
1861
1859
1860
1821
1942
1885
1913
1909
2020
1883
1933
1892
1862
1932
1870
1861
1850
1992
1991
1880
1923
1902
1866
1996
1872
1928
1912
1909
1990
1905
1897
1967
1961
1893
1964
1946
1876
1898
1957
1872
1884
1919
1952
1891
1889
1869
1950
1939
1979
1900
1949
1933
1853
1853
1873
1943
1924
1846
1964
1918
1902
1944
1919
1916
1907
1892
1941
1872
1877
1949
1947
1881
1920
1903
1884
1899
1852
1944
1924
1980
1898
1968
1854
1880
1923
1866
1876
1933
1865
1919
1966
1901
2160
1935
1895
1901
1919
1890
1931
1887
1970
1881
1889
1903
1927
1875
1846
1933
1921
1937
1977
1926
1959
1911
1898
1872
1862
1870
1852
1881
2008
1902
1907
1884
1926
1897
1899
1956
1922
1960
1929
1887
1979
1924
1921
1907
1938
1910
1881
1935
1868
1927
1859
1883
1878
1951
1873
1945
1921
1847
1924
1888
1822
2058
1974
1971
1933
1888
1853
1888
1883
1885
1904
1933
1937
1903
1897
1901
1880
1889
1929
1913
1945
1884
1922
1889
1895
1870
1972
1955
1943
1859
1887
1866
1959
1891
1922
1945
1862
1929
1885
1888
1961
1878
1908
1927
1955
1905
1934
1953
1902
1912
1995
1964
1942
1949
1891
1914
1935
1929
1884
1883
1927
1946
1915
1931
1879
1941
1929
1890
1890
1929
1892
1906
1887
1904
1880
2029
1866
1924
1933
1996
2016
1902
1935
1910
1964
1849
1903
1937
1928
1904
1911
1892
1911
1802
1911
1932
1927
1870
1875
1936
1864
2009
1884
1922
1913
1882
1908
1898
2011
1895
1892
1830
1933
1914
1941
1904
1962
2103
1870
1883
1915
1913
1927
1929
1922
1945
1932
1886
1914
1906
1925
1913
1830
1977
1931
1921
1938
1867
1843
1841
1926
1966
1859
1954
1938
1899
2015
1923
1961
1957
1926
1909
1970
1863
1903
1903
1916
1945
1909
1905
1962
1924
1937
1901
1898
1907
1935
1920
1910
1852
1914
1839
1899
1910
1872
1873
1897
1933
1943
1888
1884
1865
1889
1884
1891
1954
1915
1852
1907
1993
1906
1924
1981
1928
1924
1923
1948
1993
1924
1882
1934
1911
1916
1860
1854
1897
1929
1882
1904
1958
1931
1947
1949
1854
1923
