1937
1938
1870
2005
1894
1893
1953
1920
1923
1899
1951
1914
1956
1940
1921
1964
1924
1866
2020
1920
1952
1928
1945
1897
1978
1872
1911
1893
1900
1920
1925
1896
1901
1851
1940
1914
1921
1864
1892
1898
1885
1938
1982
1899
1940
1939
1945
1939
1894
1898
1939
1945
1917
1888
1967
1943
1889
1940
1879
1959
2016
1904
1947
1894
1972
1903
1889
1904
1894
1858
1919
2004
1848
1941
1897
1863
1905
1928
1890
1884
1891
1976
1908
1863
1953
1916
1885
1958
1912
1882
1922
1958
2011
1982
1929
1969
1915
1941
1960
1916
1957
1936
1900
1905
1932
1911
1880
1881
1928
1897
1955
1958
1889
1920
1916
1978
1904
2003
1937
1896
1973
1908
1881
1908
1920
1969
1872
1877
1885
1952
1922
1868
1921
1897
1886
1907
1889
1859
1976
1939
1914
1973
1914
1881
1933
1898
1925
1857
1905
1928
1904
1855
1895
1929
1878
1963
1953
1917
1944
1905
1936
1910
2013
1913
1894
1884
1978
1895
1893
1920
1879
1894
1988
1924
1890
1885
1889
1876
1928
1967
1885
1986
1937
1895
1955
2024
1911
1915
2000
1911
1900
1930
1910
1896
1908
1919
1934
1966
1880
1866
1892
1952
1939
1932
1916
1938
1925
1984
1969
1877
1894
1863
1937
1955
1978
1919
1961
1978
1891
1885
1869
1889
1930
1905
1977
1904
1970
1886
1889
1889
1959
1930
1909
1913
1881
2006
1929
1920
1939
1921
1907
1876
1941
1948
1838
1900
1957
1978
1878
1944
1934
1870
1863
1962
1926
1954
1918
1922
1946
1892
2007
1896
1882
1921
1956
1873
1946
1869
1895
1891
1936
1877
1959
1944
1880
1904
1967
1959
1917
1938
1905
1884
2005
1898
1920
1873
1876
1981
1905
1870
1865
1912
2034
1936
1942
1963
1927
1918
2050
1902
1924
1863
1928
1943
1952
1989
1924
1907
1949
1914
1951
1925
1932
1915
1892
1942
1877
1881
1965
1928
1897
1922
1909
1902
1895
2011
1949
1923
1974
1864
1944
1947
1958
1886
1885
1888
1889
1925
2011
1955
1900
1918
1917
1969
1933
1913
1906
1934
1950
1879
1886
1908
1889
1903
1945
1914
1902
1920
1936
1974
1969
1875
1981
1930
1941
1919
1850
1879
1882
1876
1949
1866
1883
1913
1858
1917
1947
1912
1909
1922
1883
1922
1907
1969
1943
1878
1966
1900
1892
1897
1918
1895
1905
1924
1931
1898
1909
1924
1912
1946
1945
1898
1888
1954
1894
1919
1922
1966
1949
1922
1934
1887
1916
1944
1925
1949
1881
1892
1969
1893
1962
1899
1938
1891
1896
1958
1917
1945
1950
1992
1931
1923
1922
1903
1906
1958
1894
1927
1867
1886
1928
1943
1899
1877
1940
1976
1887
1894
1935
1922
1936
1958
1905
1925
1962
1880
1925
1933
1869
1942
1899
1998
1864
1916
1898
1916
1916
1889
1923
1906
1923
1898
1868
1920
1901
1904
1948
1922
1960
1922
1927
1866
1903
1860
1985
1968
1895
1910
1903
1941
1923
1933
1878
1930
1974
1962
1913
1902
1949
1869
