1915
1925
1948
1905
1991
1935
2016
1951
1967
1956
1861
1899
2035
1968
1960
2008
1888
1925
1920
1933
1862
1953
1954
1888
1981
1908
1932
1912
1952
1954
1953
1996
1919
1942
1910
1948
1869
2012
1904
1929
1964
1930
1969
1906
1975
1943
1998
1962
1933
1920
1935
1907
1944
1914
1862
1986
1978
1864
1946
1934
1961
1903
1931
1924
1933
1954
1889
1983
1892
1958
1982
1885
1918
1966
1961
1911
1921
1950
1952
1971
1961
1977
1966
1903
1957
2015
2051
1939
1907
1965
1931
1945
1940
1927
2016
1911
1923
1973
1929
1919
1913
1920
1877
1946
1934
1927
2004
1948
1950
1898
1931
1996
1901
1948
1945
1968
1897
1960
1904
1958
1938
1863
1982
1911
1929
1923
1901
1965
1982
1950
1952
2028
1984
1979
1997
1922
1909
1876
1940
1935
1908
1883
1964
1902
1919
1926
1945
1957
1942
1936
1964
1944
1930
1907
1955
1915
1967
1924
1880
1906
1904
1901
1906
1952
1915
1984
1911
1974
1981
1920
1900
1938
1981
1921
1955
1958
1907
1965
1968
1946
1921
1877
1932
1906
1919
1949
1956
1953
1980
1866
1960
1894
1907
1886
1943
1930
1918
1928
1969
1960
1912
1930
1997
1913
1910
1932
1903
1896
1917
1986
1880
1971
1929
2037
1870
1981
1953
1952
1969
1972
1956
1967
1975
1923
1999
1991
1904
1963
1863
1932
2017
1931
1988
1927
1987
1938
1931
1899
1882
1979
1898
1945
1929
1915
1934
1920
2022
1924
1944
1966
1926
1930
1972
1935
1903
1943
1911
1965
1952
1966
1987
1954
1946
1958
1974
1968
1926
1887
1962
1953
1894
1904
1937
1919
1915
1916
1961
1903
1871
1950
1967
2010
1953
1930
1907
1891
1894
1964
1890
1994
1930
1914
1879
1898
1905
1944
1858
1959
2011
1900
1929
1943
1917
1933
1973
1939
1909
1922
1952
1967
1902
1901
1952
1977
1888
1927
1981
1966
1934
1940
1941
1907
1904
1986
1996
1917
1952
1917
1934
1945
1931
1926
1878
1984
1962
1934
1985
1934
1937
1966
1924
1959
1905
1945
2003
1914
1920
1933
1942
1885
1890
1895
1971
1989
1890
1996
1923
1931
1923
1929
1965
2024
1942
1971
1979
1890
1944
1966
1944
1908
1980
1942
1932
1871
1943
1920
1961
1958
1935
1953
1966
1939
2025
1906
1930
1956
1924
1936
1892
1908
1931
1942
1907
1929
1945
1910
1893
1915
1975
1998
1922
1990
1843
1884
2004
1884
1935
1914
1950
1946
1973
1910
1964
1935
1922
1883
1945
1951
1927
1916
1965
1936
1938
1924
1932
1971
1929
1930
1997
1983
1910
1930
1958
1975
1920
1947
1912
1988
1954
1942
1955
1977
1922
1929
1932
1913
1947
1922
1960
1914
1935
1929
1949
1969
1951
2000
1909
1998
1922
1932
1898
1943
1971
1937
1893
1953
1915
1910
1971
1945
1915
1983
1922
1919
1884
1894
1896
1920
1937
1938
1933
1936
1935
1893
1929
1918
1935
1894
1961
1953
1996
1876
1988
1919
1971
2010
1955
1938
1931
1906
