1350
1357
1362
1421
1413
1332
1348
1357
1321
1372
1380
1386
1399
1318
1357
1314
1380
1346
1362
1325
1353
1297
1367
1444
1367
1339
1407
1363
1348
1357
1431
1382
1363
1342
1352
1307
1357
1351
1389
1340
1306
1383
1452
1351
1337
1415
1318
1368
1298
1353
1322
1335
1344
1376
1361
1365
1413
1344
1375
1297
1344
1355
1398
1425
1349
1378
1393
1346
1409
1372
1371
1358
1342
1352
1351
1342
1367
1342
1400
1348
1355
1440
1355
1349
1441
1366
1367
1369
1399
1351
1386
1415
1341
1377
1324
1367
1416
1411
1354
1353
1372
1403
1343
1389
1370
1371
1330
1341
1341
1354
1332
1340
1341
1379
1415
1347
1337
1352
1384
1376
1324
1337
1355
1340
1363
1339
1379
1345
1393
1350
1322
1323
1392
1389
1357
1338
1372
1389
1339
1384
1377
1384
1360
1394
1406
1350
1342
1345
1362
1354
1352
1397
1360
1352
1373
1304
1366
1420
1293
1352
1439
1374
1333
1373
1343
1369
1328
1348
1341
1347
1366
1432
1305
1353
1342
1341
1428
1334
1415
1336
1399
1389
1314
1364
1358
1377
1365
1287
1336
1355
1362
1368
1370
1338
1344
1331
1369
1369
1363
1411
1361
1383
1330
1347
1334
1354
1354
1356
1309
1293
1368
1465
1326
1364
1328
1335
1321
1375
1383
1328
1333
1366
1347
1332
1364
1353
1411
1311
1358
1366
1403
1358
1357
1388
1388
1380
1343
1307
1341
1376
1374
1385
1373
1377
1293
1369
1350
1421
1357
1356
1350
1323
1409
1347
1401
1298
1350
1363
1353
1377
1362
1361
1351
1377
1369
1302
1465
1378
1363
1345
1352
1442
1364
1326
1325
1316
1354
1389
1422
1429
1339
1414
1363
1371
1380
1406
1381
1321
1318
1322
1345
1438
1375
1407
1356
1374
1391
1372
1366
1346
1364
1337
1353
1364
1326
1336
1396
1421
1353
1328
1364
1326
1356
1313
1356
1376
1417
1370
1372
1392
1343
1402
1401
1388
1345
1367
1369
1349
1340
1400
1316
1428
1316
1452
1418
1322
1382
1369
1362
1370
1383
1333
1345
1368
1328
1365
1366
1322
1339
1338
1393
1416
1305
1380
1384
1351
1325
1381
1332
1392
1336
1374
1347
1367
1355
1308
1327
1327
1332
1374
1412
1358
1432
1341
1322
1372
1425
1371
1394
1369
1357
1425
1399
1336
1389
1312
1340
1366
1429
1331
1361
1368
1373
1311
1325
1346
1310
1331
1338
1385
1340
1420
1421
1334
1382
1390
1299
1341
1365
1360
1344
1327
1328
1328
1302
1356
1338
1350
1368
1382
1366
1355
1329
1368
1430
1323
1365
1339
1377
1358
1337
1359
1336
1484
1410
1429
1365
1315
1376
1389
1339
1409
1328
1434
1368
1334
1400
1398
1369
1352
1366
1448
1344
1327
1339
1366
1357
1331
1356
1327
1332
1380
1334
1358
1372
1332
1345
1356
1308
1372
1391
1336
1426
1352
1363
1375
1334
1367
1349
1332
1378
1322
1365
1321
1411
1413
1411
1344
1372
1333
1315
1362
1337
1339
1388
1330
1360
1317
1341
1342
