1915
1949
1888
1952
1919
1920
1907
1962
1903
1923
1936
1950
1924
1925
1953
1883
1952
1930
1903
1896
1946
1937
1893
1968
1947
1978
1944
1933
1908
1959
1917
1931
1878
1960
1928
1889
1922
1898
1932
1934
1927
1920
1926
1910
1880
1933
1912
1964
1914
1943
1907
1934
1888
1937
1917
1939
1918
1915
1953
1924
1919
1927
1906
1932
1966
1928
1895
1880
1917
1935
1941
1947
1918
1913
1882
1917
1902
1921
1949
1944
1935
1940
1943
1931
1894
1854
1914
1932
1939
1924
1925
1959
1922
1924
1935
1909
1896
1917
1935
1931
1939
1897
1903
1937
1859
1941
1937
1927
1904
1910
1939
1935
1939
1947
1959
1963
1949
1916
1895
1923
1952
1912
1929
1921
1875
1927
1979
1928
1933
1946
1900
1936
1943
1883
1926
1953
1943
1953
1921
1937
1945
1937
1913
1933
1964
1935
1993
1862
1954
1924
1919
1923
1850
1865
1919
1942
1929
1886
1926
1977
1883
1949
1904
1978
1902
1937
1935
1916
1970
1905
1942
1928
1913
1936
1933
1943
1926
1921
1914
1953
1940
1916
1944
1933
1925
1925
1952
1885
1935
1943
1877
1967
1945
1917
1949
1931
1918
1922
1913
1902
1931
1933
1928
1932
1921
1897
1914
1959
1937
1940
1892
1900
1939
1913
1904
1948
1968
1952
1933
1958
1916
1905
1940
1911
1918
1848
1941
1947
1945
1892
1872
1889
1880
1941
1932
1920
1942
1911
1940
1822
1931
1953
1916
1941
1944
1831
1947
1942
1953
1920
1957
1933
1895
1933
1901
1916
1918
1862
1946
1951
1934
1951
1904
1934
1889
1938
1925
1967
1927
1917
1922
1914
1863
1932
1931
1939
1952
1937
1911
1867
1934
1926
1933
1941
1946
1929
1954
1981
1947
1953
1927
1919
1875
1935
1951
1951
1909
1945
1951
1917
1889
1928
1921
1920
1915
1936
1940
1925
1953
1926
1942
1942
1943
1895
1912
1939
1922
1940
1973
1927
1961
1961
1937
1938
1960
1959
1902
1909
1970
1915
1913
1916
1948
1926
1925
1948
1955
1910
1914
1867
1928
1917
1954
1928
1950
1883
1948
1941
1940
1893
1884
1962
1954
1950
1893
1933
1955
1945
1943
1904
1928
1915
1886
1919
1950
1970
1909
1916
1862
1940
1889
1978
1911
1947
1925
1958
1929
1958
1934
1944
1927
1944
1904
1892
1942
1929
1910
1916
1929
1874
1953
1945
1940
1901
1927
1933
1893
1939
1905
1910
1947
1928
1934
1901
1894
1900
1932
1882
1980
1884
1961
1918
1948
1895
1895
1962
1941
1948
1965
1934
1905
1893
1920
1967
1894
1918
1921
1929
1922
1954
1924
1901
1951
1909
1873
1942
1990
1932
1921
1932
1930
1917
1926
1920
1907
1912
1916
1921
1908
1846
1866
1942
1908
1930
1910
1927
1987
1920
1976
1915
1941
1940
1914
1939
1903
1911
1914
1924
1921
1913
1921
1915
1919
1934
1884
1922
1943
1977
1924
1946
1943
1962
1939
1919
1907
1922
1903
1931
1912
1933
1915
1935
1927
1945
1982
1922
1982
1909
1966
1945
