1138
1063
1092
1111
1125
1139
1129
1046
1109
1055
1128
1094
1054
1049
1086
1187
991
1051
1085
1081
1140
1196
992
1105
1112
1097
1084
1131
1017
1211
1122
1114
1110
1102
1114
1061
1116
1062
1087
1069
1039
1011
1182
1113
1043
1087
1199
1189
1077
1196
1081
1142
1162
1118
1224
1106
1097
1058
1041
1064
1140
1052
1125
1084
1081
1053
1111
1066
1067
1197
1068
1078
1069
1112
1111
1117
1036
1104
1126
1082
1217
1055
1146
1188
1111
1203
1056
1200
1079
1027
1128
1020
1086
1116
1082
1074
1085
1078
1005
1082
1109
1095
1181
1032
1136
1046
1049
1069
1057
1153
1091
1035
1089
1010
1021
1086
1057
1136
1079
1152
1126
999
1046
1086
1059
1069
1113
1137
1100
1093
1068
1139
1080
1084
1147
1135
1062
1021
1063
1062
1083
1100
1139
1033
1196
1037
1068
1086
1130
1127
1198
1096
1120
1113
947
1098
1015
1007
1112
1086
1105
1014
1167
1144
1126
1080
1096
1053
1111
1097
1083
1098
1056
1122
1120
1099
1047
1040
1088
1027
1088
1035
1145
1080
1050
1104
1065
1066
1092
1111
1120
989
1104
1092
1107
1104
1082
1095
1096
1157
1051
1027
1131
1119
1125
1091
1051
1015
1158
1102
1019
1165
1103
1134
1074
1204
1120
1100
1066
1060
1044
1225
1095
1135
1117
1168
1124
1018
1112
1102
1128
1093
1063
1091
1102
1021
1124
1146
1107
1117
1095
1140
1127
1121
1159
1049
1090
1122
1047
1123
1101
890
1056
1087
1124
1099
1054
1049
1070
1140
1093
961
1109
1069
1154
1117
1079
1102
1073
1039
1082
1095
1120
1074
1175
1030
1015
1132
1095
1072
1065
1107
1135
1025
1089
1065
1030
1060
1081
1075
1046
1046
1071
1115
1081
1085
1093
1133
1092
1085
1196
1123
1117
1109
1069
1128
1137
1097
1109
1048
1171
1051
1116
1050
1106
990
1102
1078
1157
1075
1088
1085
1074
1118
1057
1032
1198
1133
1080
1094
1095
1108
951
1114
1056
1176
1092
1133
1131
1063
1065
1092
1196
1137
1127
1024
1070
1050
1157
1118
1144
1154
1210
1122
1147
1074
1126
1072
1021
1080
1072
967
987
1120
1130
1077
1185
1096
1135
1112
1099
1187
1077
1175
1033
1108
1086
1127
1083
1084
1054
1134
1081
1170
1162
1098
1117
1079
1089
1073
1115
1079
1101
1088
1088
1106
1197
1094
1076
1087
1077
1145
1076
1117
1083
1148
1099
1082
1093
1103
1025
962
1113
1044
1049
1176
1108
1075
1038
1050
1033
1063
1061
1039
1107
1106
1045
1106
1096
1070
1145
1177
1119
1108
989
1106
1106
1104
1099
1107
1046
1100
1149
1062
1002
1078
1027
1187
1062
1167
1058
1081
1184
1077
1031
1063
1054
1036
1111
1096
1212
1115
1112
1075
1054
1081
1005
1102
1142
1108
1059
1091
1090
1009
978
1038
1122
1087
1118
1050
1107
1057
1087
1049
1106
1100
1066
1106
1110
1104
1033
1112
1107
1144
1121
1088
1187
1095
1088
1034
