1927
1953
1931
1927
1975
1893
1951
1917
1944
1972
1963
1951
1966
1963
1943
1978
1920
1960
1988
1936
1941
1957
1920
1905
1925
2002
1955
1953
1916
1971
1972
1973
1907
1940
1937
1921
1887
1915
1932
1960
1947
1934
1942
1936
1907
1938
1917
1929
1959
1966
1957
1932
2013
1945
1918
1898
1897
1971
1915
1931
1952
1990
1956
1947
1927
1961
1899
1980
1928
1918
1925
1944
1910
1984
1944
1918
1954
1957
1894
1931
1917
1937
1903
1938
1945
1948
1960
1952
1926
1973
2023
1952
1943
1914
1975
1946
1953
1937
1953
1934
1954
1916
1974
1967
1943
1979
1942
2002
1931
1926
1918
1955
1901
1931
1925
1948
1919
1902
2005
1943
1914
1917
1913
1997
1963
1935
1909
1896
1971
1920
1898
1948
1951
1945
1927
1896
1967
1944
2004
1993
1927
1944
1928
1917
1917
1949
1935
1911
2028
1926
1942
1967
1999
1946
1927
1960
1969
1934
1907
1961
1964
1906
1926
1915
1973
1916
1958
1927
1945
1894
1891
1895
1949
1951
1974
1938
1866
1937
1911
1940
1969
1961
1940
1960
1964
1965
1962
1999
1938
1965
1946
1949
1985
1892
1928
1937
1941
1961
1944
1927
1968
1940
1929
1903
1969
1951
1923
1930
1923
1924
1921
1910
1996
1904
1966
1968
1948
1975
2002
1985
1940
1901
1992
1929
2031
1956
2000
1931
1916
1955
1880
1956
1920
1897
1907
1931
1927
1981
1942
1962
2016
1910
1938
1903
1963
1890
1937
1970
1913
1926
1954
1890
1977
1971
1927
1983
1956
1969
2001
1954
1910
1944
1927
1939
1982
1940
1939
1970
1975
1904
1911
1942
1990
1968
1956
1953
1950
1924
1991
1911
1912
2003
1953
1946
1905
1983
1933
1909
1916
2009
1979
1906
1985
1949
2008
1897
1946
1960
1908
1928
1937
1965
1957
1865
1916
1932
1929
1960
1953
1986
1936
1981
1898
1931
1920
1919
1872
1949
1866
1964
1939
1882
1924
1953
2027
2021
1901
1946
1972
1900
1921
1932
1941
1948
1946
1971
1923
1885
1962
1953
1981
1986
1888
1945
1919
1944
1958
1965
1954
1896
1948
1993
1972
1953
1925
2018
1919
1868
1952
1965
1915
1906
1967
1922
1929
1939
1950
1906
1953
1924
1964
1886
1962
1920
1914
1972
1895
1936
1915
1931
1941
1991
1952
1944
1890
1946
1978
1968
1959
1892
1922
1964
1950
1925
1996
1946
1900
1887
1933
1945
1902
1976
1973
1907
1939
1933
1956
1960
1934
1946
1940
1963
1928
2014
1932
1968
1952
1920
1921
1944
1933
1919
1951
1954
1937
2010
1930
1961
1936
1938
1957
1873
1933
1906
1921
1956
1922
1940
1895
1903
1901
1968
1862
1895
1969
1945
1966
1981
1909
1933
1976
1997
1989
1911
1943
1993
1927
1919
1942
1937
1964
1973
1952
1926
1994
1888
1982
1917
1958
1999
1954
1937
1992
1908
1938
1905
1883
1892
1929
1963
1980
1932
1953
1991
1887
1938
1986
1975
1911
1915
1917
1888
1966
1947
1983
1972
1960
2027
2006
1974
