1396
1525
1417
1534
1422
1560
1374
1510
1403
1357
1407
1417
1316
1425
1546
1477
1409
1372
1442
1370
1390
1473
1506
1515
1505
1524
1358
1439
1425
1500
1419
1509
1513
1446
1438
1433
1372
1414
1426
1453
1420
1412
1328
1512
1387
1448
1550
1479
1438
1405
1500
1469
1433
1537
1441
1443
1518
1401
1495
1332
1508
1415
1517
1445
1456
1469
1450
1382
1497
1493
1365
1534
1511
1497
1497
1433
1404
1483
1490
1371
1472
1311
1426
1480
1428
1514
1331
1485
1256
1411
1431
1485
1447
1428
1367
1408
1366
1452
1413
1489
1408
1509
1394
1359
1483
1358
1385
1433
1493
1535
1516
1474
1497
1435
1537
1493
1373
1443
1434
1450
1534
1394
1412
1443
1524
1520
1556
1442
1515
1424
1555
1388
1415
1460
1396
1411
1343
1475
1303
1445
1489
1501
1498
1315
1514
1459
1484
1490
1588
1523
1424
1406
1513
1375
1496
1409
1458
1401
1506
1554
1512
1458
1470
1454
1493
1447
1437
1501
1512
1474
1416
1494
1502
1412
1392
1429
1414
1435
1464
1525
1409
1512
1405
1447
1389
1405
1498
1353
1398
1410
1472
1533
1485
1367
1376
1478
1425
1475
1542
1508
1480
1400
1511
1479
1426
1532
1525
1396
1426
1439
1382
1456
1382
1540
1479
1468
1565
1455
1511
1385
1511
1520
1501
1481
1434
1538
1506
1452
1537
1451
1490
1494
1531
1534
1460
1504
1402
1403
1399
1507
1510
1518
1499
1423
1534
1389
1353
1549
1419
1481
1492
1332
1431
1458
1465
1381
1432
1492
1368
1479
1402
1494
1445
1522
1424
1496
1427
1504
1445
1395
1445
1492
1425
1491
1434
1447
1394
1471
1447
1405
1502
1419
1479
1482
1437
1517
1497
1408
1530
1436
1413
1509
1437
1548
1460
1461
1489
1499
1468
1471
1500
1448
1461
1373
1510
1469
1329
1442
1519
1350
1437
1412
1468
1533
1520
1416
1460
1353
1513
1510
1376
1453
1493
1485
1496
1403
1458
1441
1479
1439
1409
1374
1292
1505
1555
1526
1481
1496
1433
1407
1474
1511
1428
1532
1442
1524
1392
1446
1502
1457
1463
1566
1523
1569
1431
1422
1426
1525
1488
1548
1511
1384
1321
1501
1510
1353
1527
1389
1491
1522
1505
1388
1490
1451
1401
1446
1403
1540
1541
1478
1483
1470
1493
1451
1559
1482
1456
1385
1480
1440
1496
1451
1423
1490
1425
1501
1492
1507
1377
1374
1433
1485
1431
1405
1441
1521
1504
1354
1423
1414
1411
1498
1527
1428
1410
1442
1511
1508
1402
1421
1445
1503
1503
1404
1520
1469
1486
1458
1521
1423
1500
1437
1429
1331
1414
1504
1396
1436
1502
1522
1537
1495
1426
1407
1436
1440
1404
1535
1259
1533
1468
1302
1521
1527
1395
1351
1515
1464
1519
1491
1417
1543
1514
1498
1436
1500
1371
1504
1398
1431
1505
1384
1462
1329
1396
1361
1456
1420
1374
1452
1506
1341
1433
1425
1470
1433
1549
1494
1515
1583
1472
1519
1450
1359
1410
1435
1412
1433
1506
1381
