2075
2000
2064
2019
2008
2032
2028
2028
2046
2070
2008
2012
2060
2089
2062
2015
2047
1991
2056
2008
2064
2028
1991
2009
2034
2017
2085
2051
2060
2018
2028
1982
1994
2017
2062
2050
1966
2009
2046
2031
2027
2017
2009
2012
2013
2063
2070
2050
2080
2028
2061
1990
2044
2016
2062
1987
2035
1985
2030
2026
2027
2025
2012
2013
2023
2025
2037
2053
2012
1977
1965
1979
2056
2040
1990
1993
2020
2047
2001
2047
1976
2066
2048
2032
2014
2046
2027
2001
2004
2025
2019
2014
2030
2001
2028
2038
2001
1988
2045
2083
2037
2017
2025
1960
1999
2043
2048
2062
1995
1996
2050
2035
2003
2039
2047
2012
1997
2026
1987
1993
2037
2010
1969
2004
2013
2046
2059
2054
2038
2078
2022
2085
2024
2021
2034
1995
2021
2032
2123
2057
1992
2016
2058
2035
2015
2038
2033
2037
2039
2026
2036
2016
2028
2014
2030
2001
2024
2090
2005
2040
2062
2060
2015
2042
1995
2057
1992
2024
2006
2043
2004
2049
2017
2037
2040
2071
1986
2096
2016
2065
2018
1988
2089
2059
1991
2020
2030
2001
2042
2034
2067
2049
2054
2017
2025
2035
2034
1996
2055
2019
2008
2095
2039
2048
2033
2075
1988
2014
2070
2040
2059
2039
2041
2004
2028
2037
2056
2093
2029
2021
2047
2013
2062
2031
2009
2024
2030
1968
2040
2059
2058
1995
2040
2067
1980
1988
2064
2033
2025
2001
2016
2031
2021
1994
2074
2018
2026
2052
2052
2060
2007
2038
2054
2082
2005
2045
2045
2004
2044
2056
2069
2066
2064
1993
2047
1973
2073
2048
1991
1989
2063
1999
2058
2101
1997
2073
2032
2001
1991
2028
2034
2038
2044
2066
2024
2031
2009
2057
2009
1996
2052
2012
2032
2032
2024
2020
2024
1972
1989
2058
2021
2004
2055
2091
2023
2057
2039
2077
2055
2005
2092
2060
2040
2031
2034
2031
2037
2037
2077
2036
2041
2032
2026
2002
2018
2054
1981
2026
2027
2031
2017
2035
2034
1987
2086
2023
2012
2028
2073
2059
2032
2018
1955
1957
2020
1982
2040
2036
2036
1991
2023
2009
2028
1982
2042
2029
2012
2059
2060
2043
2060
2030
2027
2010
1985
2007
2008
2040
2020
2040
2022
1976
1984
2033
2033
2030
2060
2055
2009
2003
2067
2041
2060
2001
2037
2042
2040
2018
2008
2068
2091
2094
2020
2026
2053
2000
2008
2044
2076
1997
2032
2058
1996
1985
2016
2031
2062
2014
2005
2005
2034
2063
2031
2008
1983
2033
2040
2048
2039
2042
2011
2020
2015
2046
2039
2064
2012
2043
2016
2045
2076
2031
2019
2015
2018
2020
2046
2021
2054
2038
2001
2040
2013
2078
2009
2118
2020
2049
2059
2009
2020
2014
1995
1988
2041
1992
2018
1984
2053
2018
2032
1995
2037
2002
2011
1961
2028
2013
2094
2031
2041
1995
2024
2049
2085
2007
2051
2013
2014
2010
2013
2037
2068
2077
2030
2055
2006
2048
2099
2029
1985
2054
2055
1978
2015
2032
1977
2032
2034
2059
