2057
2051
2091
2074
2037
2060
2065
2072
2073
2094
2082
2051
2095
2077
2064
2058
2074
2092
2095
2046
2093
2053
2092
2001
2057
2079
2083
2028
2038
2022
2102
2053
2056
2077
2031
2033
2099
2084
2079
2063
2093
2085
2049
2095
2031
2076
2087
2066
2075
2037
2095
1996
2064
2039
2025
2025
2103
2052
2088
2067
2087
2064
2064
2085
2070
2066
2094
2064
2068
2094
2061
2078
2036
2090
2081
2077
2056
2053
2022
2064
2097
2058
2064
2083
2051
2061
2094
2110
2054
2075
2047
2037
2102
2069
2084
2094
2071
2074
2059
2062
2069
2065
2103
2049
2065
2098
2038
2071
2064
2079
2061
2028
2060
2058
2036
2051
2051
2047
2059
2070
2062
2076
2051
2043
2076
2066
2073
2087
2024
2064
2083
2101
2077
2061
2057
2097
2069
2082
2089
2089
2059
2062
2088
2055
2029
2043
2095
2067
2050
2060
2070
2087
2039
2071
2046
2064
2080
2065
2087
2091
2093
2084
2078
2031
2070
2028
2082
2063
2062
2079
2097
2086
2036
2094
2076
2095
2048
2090
2081
2072
2084
2094
2118
2089
2068
2061
2060
2075
2068
2084
2087
2074
2075
2061
2072
2067
2081
2070
2045
2085
2055
2049
2086
2113
2101
2088
2044
2056
2083
2096
2037
2010
2065
2098
2076
2068
2083
2051
2084
2064
2071
2067
2040
2060
2080
2087
2047
2070
2072
2088
2075
2077
2065
2075
2036
2074
2046
2041
2057
2047
2020
2089
2087
2101
2065
2051
2085
1992
2067
2062
2059
2084
2030
2069
2108
2094
2085
1993
2095
2061
2052
2085
2088
2076
2071
2068
2081
2110
2061
2073
2065
2096
2120
2021
2054
2045
2063
2050
2076
2086
2080
2062
2079
2047
2065
2095
2055
2072
2031
2083
2079
1990
2026
2007
2054
2002
2052
2048
2071
2096
2072
2089
2078
2077
2064
2060
2069
2095
2052
2062
2089
2080
2075
2070
2087
2058
2081
2094
2100
2026
2064
2113
2062
2084
2102
2061
2085
2111
2051
2067
2076
2075
2076
2099
2038
2065
2074
2070
2102
2044
2084
2097
2078
2090
2031
2065
2058
2078
2085
2081
2064
2052
2077
2062
2059
2085
2090
2071
2051
2083
2052
2074
2063
2095
2091
2079
2066
2088
2103
2059
2073
2091
2067
2081
2081
2080
2068
2068
2038
2077
2077
2052
2058
2063
2041
2011
2041
2071
2052
2105
2047
2066
2034
2080
2091
2091
2080
2069
2040
2075
2092
2055
2055
2054
2042
2072
2044
2098
2098
2081
2078
2075
2039
2050
2064
2113
2062
2054
2028
2087
2107
2066
2111
2069
2096
2072
2066
2021
2080
2048
2057
2031
2053
2067
2036
2067
2095
2080
2042
2113
2053
2068
2086
2074
2049
2077
2047
2013
2059
2044
2099
2100
2098
2032
2086
2081
2059
2087
2110
2069
2063
2043
2075
2082
2057
2093
2101
2054
2072
2072
2019
2080
2055
2074
2069
2073
2051
2075
2085
2112
2097
2049
2063
2048
2077
2062
2034
2077
2087
2034
2074
2053
2061
2055
2045
2040
2060
2078
2100
2068
