2123
2090
2104
2099
2094
2130
2071
2130
2115
2110
2088
2086
2122
2095
2079
2123
2076
2082
2105
2083
2093
2103
2133
2113
2154
2122
2131
2109
2107
2047
2068
2122
2089
2116
2167
2075
2084
2096
2111
2056
2129
2119
2080
2094
2099
2120
2089
2061
2074
2078
2109
2055
2118
2103
2064
2124
2076
2083
2053
2111
2056
2118
2101
2010
2116
2109
2106
2090
2109
2118
2092
2092
2121
2111
2120
2110
2072
2069
2116
2146
2103
2100
2057
2116
2120
2091
2012
2076
2100
2073
2106
2119
2079
2122
2108
2115
2129
2121
2111
2115
2073
2103
2073
2145
2103
2114
2155
2088
2138
2065
2092
2106
2120
2100
2122
2085
2112
2106
2116
2080
2122
2098
2060
2128
2073
2110
2100
2106
2116
2060
2083
2082
2088
2094
2133
2086
2131
2062
2099
2142
2099
2096
2097
2109
2123
2065
2077
2097
2121
2101
2094
2070
2088
2129
2102
2102
2074
2109
2122
2066
2112
2133
2110
2117
2125
2116
2093
2101
2107
2117
2133
2090
2131
2109
2097
2097
2115
2029
2115
2117
2121
2090
2101
2090
2128
2134
2098
2150
2084
2108
2073
2099
2124
2116
2129
2144
2125
2102
2118
2103
2122
2102
2102
2107
2124
2122
2116
2085
2107
2097
2107
2106
2104
2120
2102
2107
2117
2088
2103
2061
2096
2092
2101
2131
2111
2124
2112
2122
2085
2101
2048
2146
2093
2108
2097
2116
2089
2071
2102
2124
2119
2111
2116
2104
2097
2148
2029
2115
2133
2093
2092
2081
2111
2096
2126
2113
2083
2107
2114
2123
2110
2110
2106
2086
2119
2091
2048
2111
2073
2073
2128
2081
2106
2118
2070
2127
2076
2076
2112
2133
2112
2111
2110
2066
2071
2102
2101
2060
2133
2126
2106
2127
2090
2091
2127
2097
2107
2082
2137
2131
2099
2096
2106
2125
2106
2093
2081
2138
2084
2096
2138
2123
2034
2106
2110
2116
2117
2101
2107
2103
2102
2096
2118
2074
2128
2117
2101
2107
2084
2112
2123
2092
2103
2101
2116
2108
2108
2100
2121
2034
2104
2135
2116
2110
2092
2093
2118
2096
2128
2092
2065
2068
2126
2106
2097
2085
2085
2101
2134
2112
2085
2133
2057
2099
2123
2101
2068
2115
2077
2128
2119
2084
2119
2112
2093
2077
2086
2123
2122
2100
2114
2123
2096
2089
2110
2087
2111
2055
2105
2118
2065
2070
2109
2133
2086
2119
2089
2080
2104
2090
2117
2100
2121
2114
2111
2141
2082
2099
2107
2088
2131
2118
2102
2108
2079
2099
2110
2073
2086
2129
2111
2090
2107
2125
2112
2103
2118
2114
2095
2132
2096
2116
2105
2113
2117
2107
2112
2106
2094
2127
2121
2115
2115
2089
2106
2108
2061
2120
2061
2108
2111
2094
2089
2080
2114
2117
2137
2095
2108
2087
2100
2081
2101
2130
2118
2098
2113
2058
2091
2124
2068
2119
2092
2141
2122
2100
2072
2132
2105
2149
2112
2092
2079
2108
2118
2137
2109
2130
2128
2054
2122
2117
2126
2122
2098
2057
2122
2082
2076
2126
