2068
1936
1951
1966
1994
1946
2000
1953
2011
1933
1940
2004
1949
2017
1988
1998
2007
1979
1940
1973
1945
1948
1932
1984
1957
1956
1939
1961
1955
1997
1970
1920
2049
1958
1925
1963
1997
1954
1921
1917
2064
1945
1978
2060
1976
1954
1986
1920
1888
1935
2001
2012
1983
1963
1970
2032
1960
1949
1992
1946
1950
1990
2001
1926
1943
1965
2018
1902
1940
1986
1938
1949
1990
2076
1936
1996
1958
1954
1959
1928
1958
1931
1964
1964
1947
1926
1976
1983
1970
1989
1951
1927
1975
1892
1966
1942
1973
1947
1952
1955
2020
1965
1884
1908
1941
1928
1927
1947
1964
1950
1940
1993
1978
2003
1952
1966
1936
1965
1948
1954
2022
1974
1974
1912
1950
1931
1969
1952
1940
1913
1934
2012
1955
1945
1956
1948
1920
1967
1970
2058
1977
1982
1871
2022
1985
1976
1961
1952
2073
1963
1953
1947
1919
2019
1985
1978
2007
1910
1962
1941
1918
1979
1956
2000
1975
2009
1981
2048
1974
1959
1932
2022
1965
1973
1931
1954
1967
2016
1948
2041
1962
1995
1957
1955
1942
1936
1907
1946
1979
1980
1981
1973
1978
1951
1980
1981
2068
1991
1960
2009
1929
1952
1956
1979
1948
2039
1940
1987
2033
1919
1993
1955
1936
2007
1908
1941
1960
1885
1949
1963
1946
1935
1964
1942
1941
1938
1964
1954
1942
1933
1938
1946
1987
1993
1953
1969
1955
1879
1908
1937
2008
1979
1900
1957
1965
1939
1954
1964
1951
2005
1945
1935
1988
1923
1943
1908
1927
1948
1935
2063
1930
2052
1973
1975
1972
1989
1964
1960
1905
1902
1942
1899
1986
1992
1977
1972
1987
1917
1972
1936
1952
1933
1965
1971
1936
1974
1915
2041
1972
1934
1940
1946
1964
1970
2044
1992
1951
1966
1981
1992
1967
1936
1980
1924
1976
1955
1967
1987
1978
1923
1995
1959
1965
1960
1977
1947
1945
1966
1948
1944
1969
1953
1954
1935
1906
1955
1927
2000
1967
1992
1956
1983
2105
1915
1936
1959
2046
1962
1965
1936
2011
1980
1997
1991
1957
1943
1972
1975
1956
1949
1959
1947
1974
2068
1983
1952
1926
1917
1917
2023
2061
1892
1928
1940
1954
1926
1979
1989
1970
1907
1931
2005
1944
2048
1975
1970
1914
1968
1968
1968
1968
1951
2065
2005
1981
1962
1997
1917
1985
2009
1969
1930
1976
1970
2006
1939
1947
1952
1976
1963
1957
1966
1980
2040
1989
1968
1997
1962
1985
1963
1993
1966
1974
1985
1919
2017
1953
1931
2058
2006
2039
1954
1958
1932
1938
1998
1982
1962
1977
1967
1979
1926
2060
2024
1988
2037
1949
1931
2002
1965
1982
1961
2050
2001
1976
1921
2057
1937
2052
1925
1945
1939
1948
1953
1966
1916
1956
1980
1935
1959
1915
2011
1967
1951
1967
1890
1963
2006
1979
1959
1927
1964
1967
1978
1997
1972
2016
1961
1952
2025
1977
1924
1996
1903
1958
1949
1901
1971
1934
1964
1985
1951
1968
1980
2006
1960
1933
2055
2091
1954
