2008
1984
1962
1975
2137
1932
1937
1962
1977
1968
1999
1971
1952
1987
1991
2028
1944
2008
1956
2012
2008
1983
1995
1982
2010
1938
1996
1964
1963
1983
2000
1930
1990
1979
1987
2015
2004
1947
1942
2017
1965
1999
2025
1982
1980
1965
1954
1968
1958
1997
1948
1950
2138
1954
1866
1982
1995
1985
1894
1997
1964
1993
2003
2002
2018
1941
2013
1976
1959
1977
1984
1992
1983
1941
1954
1964
1972
1974
1968
1997
1973
1995
1932
2015
1976
1992
1991
1985
1992
1968
1964
1959
1959
1995
1994
1994
2049
1981
1976
2007
1992
2010
1950
1936
2002
1987
1999
1992
1993
1956
2008
2015
1997
1906
1963
1972
1972
2008
1938
1991
2001
2000
1942
1972
1949
2006
1973
1998
2006
2029
2005
2010
1992
1937
2003
1990
1968
1988
1967
1986
1980
1987
1988
2017
2013
1945
1985
1956
1979
2004
1877
1983
2002
1974
2016
2030
1993
1993
1982
1960
2010
1976
1982
1990
2005
2012
1972
2020
1995
1943
1955
1988
2003
1981
1930
1979
1961
1973
2019
1978
2008
1934
2009
1935
1897
1959
1977
2040
2033
1990
1980
1990
1940
1993
1992
1958
2015
1959
1955
2001
1996
2013
1952
1933
1982
1970
1952
1998
1987
1993
2002
1951
2026
1992
1977
1965
2003
2008
1946
1986
1942
1946
1982
2010
2028
1978
2003
2007
1973
1974
1994
1961
1968
1977
2015
2032
2047
2007
1999
1962
1970
1971
2019
2014
1949
1994
1960
2016
1993
2002
1942
1966
1967
1996
1993
2003
2007
1980
1985
1904
1913
2000
1977
2031
1970
1966
1999
1979
2018
1906
2039
1989
1977
2014
1958
1959
1974
1990
1933
1977
1971
1990
2030
1946
1942
2003
2003
1921
2015
1991
1951
1963
1962
1995
1991
1988
2036
1992
2022
2035
1960
1965
2019
1983
2012
2018
2022
1977
1996
1986
1980
1985
1916
1998
1966
1990
1971
2005
1956
1968
1942
1999
1927
1979
1982
1980
1954
1988
1966
2019
1993
1980
1980
2035
1998
1980
2012
1963
1957
1979
2015
1980
2022
1921
1985
1972
1983
1996
2030
1992
1969
2006
1969
1985
2033
1983
1975
2003
1997
1987
1969
1943
1979
1988
1984
2002
1993
1976
1989
1994
1950
1988
1995
2011
2015
1932
1972
2039
1989
1979
1958
1979
1972
1953
1965
1954
1992
1965
2004
1988
2004
1974
2001
1996
1993
2032
1961
1919
1959
1997
1946
2022
2007
2014
1988
1943
1998
1951
2004
2007
2019
1986
1905
1973
1983
1985
1979
2003
2017
2000
2003
1950
1918
1957
1950
1988
1941
1974
1990
1946
1974
1959
1975
2005
1982
2016
2158
2004
1994
1956
1946
1964
1994
1994
2005
1966
1996
1974
1987
1956
1988
1990
1967
2010
1989
1951
1988
1987
1973
1965
1993
1981
2009
1991
1997
2003
1969
2008
1953
2013
1979
1948
1939
1983
1988
2000
1975
1954
1976
1975
1936
1994
1996
1971
1975
1973
1977
1963
2017
1944
1981
1964
2010
2008
2012
1976
1966
1976
1952
2029
