1998
2019
2023
1991
2054
2020
2058
2046
2005
2123
2011
1978
2029
2064
1946
1992
1979
2022
2056
2036
2026
2028
2049
2068
2033
2038
2001
1999
1981
2031
1993
2016
2075
1998
2037
2039
2059
2057
2050
1989
1958
2048
1979
2032
2030
2055
2050
2004
1998
2012
2044
2041
2051
1971
2033
2048
2074
2035
2008
2039
2043
2052
2002
2068
2036
2009
1977
1964
1971
2040
2043
2018
2026
2068
2029
2004
2031
1977
2042
2093
1984
2028
2006
2033
1988
2035
1977
2058
2040
2018
2047
2049
2029
2003
2042
1988
2012
2036
1972
2037
2026
2024
2025
2049
2058
2034
2012
2039
2029
1978
1972
2015
2027
2070
2042
2024
2009
1994
2032
2016
2017
2014
2023
2004
2009
2010
2010
1989
1992
2006
2010
2041
2078
2001
2014
2052
2041
2024
2047
2004
2047
2027
1992
1997
2029
1999
2009
2008
1978
2003
2021
1970
2015
1993
1993
2031
2034
2005
2040
2009
2030
1989
2016
2000
2012
1985
2019
1990
2000
2007
1933
1985
1995
2058
1990
1996
2018
2043
1959
2101
2046
2041
2010
2013
2042
1983
2024
1978
2021
2001
2058
2015
2024
2029
2052
2023
2008
2031
2059
2042
2019
2022
2007
2032
1968
1988
1965
2010
1985
1978
2022
2011
1988
2012
2051
2049
2010
2083
2004
1992
2045
2017
2066
2046
2008
2031
2009
2003
1982
2040
2010
2026
2003
2010
2022
2037
1993
2018
2007
2064
2031
2016
2030
2022
2053
2031
2011
2017
2033
2010
2030
1978
2019
2003
2007
1999
1993
1986
2058
2054
2005
1998
1967
2022
2045
1976
2036
2036
2008
2054
1996
2061
2012
2028
2075
2065
2035
2052
2016
2026
2064
2049
2067
2007
2012
1982
2001
2015
2007
1995
2033
2025
2005
1956
2028
2007
2045
1996
1976
1980
2006
2011
2028
2028
2002
2055
2037
2047
1950
2013
2025
2030
1972
2072
1987
2055
2031
1996
2039
2023
2049
2053
1992
2001
2007
2023
2014
2084
2010
2029
1998
1988
2002
2011
2059
2004
2011
2014
2019
2071
2051
2066
1991
2000
2036
2066
2051
2004
1957
2016
1989
2039
2021
2018
1950
1998
2093
2025
1982
2002
2046
2048
2006
2034
1994
2003
2046
2016
1988
2014
2003
2019
2029
2019
1953
1991
2077
2054
1989
2011
2008
2011
2048
1992
2009
2015
2042
1995
2009
2010
2020
2028
1985
2014
2067
2004
2001
2018
2015
2003
2067
2035
2016
2045
2001
2017
1994
2032
2008
1987
2052
2011
2015
2053
2006
2023
2032
2042
1989
1998
1991
1995
2045
2006
2035
2039
1990
2032
2021
1966
2008
1983
2001
1968
2005
2017
2037
2013
2038
2042
2020
2081
2005
1993
2029
2028
2008
2044
2018
2039
2010
2064
2050
2070
2019
2011
2008
1976
1994
2012
2057
2021
1973
2032
2023
2002
2002
2008
2027
2034
2062
2010
2019
2027
1987
2024
2011
2030
2004
2002
2010
2043
2043
2028
1998
2020
2009
2030
1981
2061
2021
1987
2026
2002
2041
2029
2033
1999
2039
1994
