2039
2088
2100
2093
2078
2069
2071
2092
2058
2104
2088
2084
2082
2056
2069
2064
2094
2088
2071
2066
2047
2070
2096
2050
2100
2060
2068
2091
2075
2117
2062
2050
2047
2078
2074
2073
2074
2080
2101
2101
2083
2041
2091
2076
2011
2073
2117
2078
2102
2036
2099
2032
2077
2101
2077
2075
2110
2048
2061
2100
2090
2081
2052
2071
2103
2076
2123
2088
2082
2082
2084
2037
2092
2085
2103
2096
2058
2066
2088
2092
2063
2061
2090
2150
2037
2082
2075
2109
2067
2062
2079
2086
2085
2065
2068
2073
2080
2041
2095
2064
2057
2081
1993
2095
2099
2061
2074
2077
2085
2019
2088
2082
2068
2089
2083
2076
2065
2085
2080
2095
2098
2069
2100
2098
2093
2100
2075
2064
2094
2089
2021
2084
2084
2071
2061
2085
2081
2086
2063
2065
2096
2088
2079
2050
2077
2093
2095
2005
2105
2064
2113
2068
2059
2071
2067
2066
2066
2070
2040
1995
2064
2071
2064
2077
2053
2060
2063
2158
2074
2027
2099
2055
2032
2092
2100
2060
2079
2080
2081
2091
2072
2054
2088
2046
2060
2046
2095
2074
2067
2036
2085
2076
2078
2078
2077
2083
2035
2054
2103
2134
2071
2053
2099
2068
2078
2103
2098
2084
2129
2080
2085
2073
2075
2097
2072
2051
2089
2079
2095
2073
2087
2117
2105
2080
2077
2053
2086
2112
2084
2083
2058
2055
2047
2106
2038
2161
2068
2079
2071
2017
2072
2074
2087
2083
2077
2092
2028
2056
2102
2067
2113
2092
2085
2069
2084
2064
2070
2049
2098
2082
2038
2063
2051
2083
2101
2072
2099
2056
2065
2023
2111
2029
2056
2107
2111
2032
2016
2074
2069
2084
2149
2105
2051
2047
2107
2122
2069
2103
2047
2110
2091
2071
2058
2092
2092
2088
2078
2079
2064
2096
2035
2088
2099
2047
2057
2096
2076
2068
2074
2063
2014
2046
2077
2016
2064
2076
2094
2082
2050
2053
2061
2115
2071
2125
2087
2063
2068
2114
2006
2089
2054
2107
2074
2076
2083
2105
2050
2053
2083
2145
2077
2132
2111
2051
2090
2080
2075
2087
2057
2097
2082
2072
2071
2084
2093
2063
2070
2054
2068
2092
2042
2066
2061
2088
2092
2111
2108
2089
2082
2055
2106
2102
2080
2069
2068
2080
2020
2079
2095
2092
2080
2053
2107
2103
2033
2082
2079
2068
2112
2082
2051
2096
2078
2088
2085
1991
2109
2064
2098
2076
2072
2030
2101
2030
2049
2094
2101
2088
2051
2097
2087
2081
2092
2056
2068
2114
2070
2091
2070
2074
2097
2109
2020
2054
2113
2038
2095
2108
2099
2083
2052
2089
2092
2027
2071
2073
2068
2058
2022
2057
2016
2076
2076
2104
2076
2033
2086
2081
2072
2089
2087
2071
2018
2085
2079
2036
2080
2112
2100
2105
2098
2092
2033
2067
2069
2095
2138
2091
2061
2077
2074
2099
2091
2061
2083
2111
2016
2104
2111
2123
2087
2092
2105
2079
2075
2095
2046
2151
2077
2092
2061
2116
2052
2095
2087
2094
2061
2099
2098
1983
