2039
2034
2025
2021
2063
2035
2065
1989
2049
2021
1958
2087
2046
2041
2057
2068
1988
2044
2053
2027
2038
2009
2044
2049
2026
2068
2030
1994
2037
2009
2043
2025
2000
1999
2028
2038
2044
2059
2037
2081
2030
2045
2034
2044
2003
2042
2055
2012
2052
2067
2047
2044
2070
2039
2037
2038
2033
2057
2058
2059
2055
2081
2040
2021
2038
2071
2048
2033
2045
2059
2045
2031
2027
2035
1998
2044
2052
2060
2028
2048
2035
2022
2050
2007
2033
2013
2023
2054
2034
2054
2038
2058
2036
2038
2012
2012
2046
2049
2065
2044
2034
2050
2024
2053
2033
2043
2049
2069
2047
2000
2028
2041
2043
2029
2047
2030
2047
2041
2045
1995
2046
1984
2024
2047
2025
2037
2004
2027
2057
2040
2073
2074
2020
2048
2030
2012
2036
2015
2004
2070
2074
2060
2054
2035
2058
2067
2057
2057
2022
2025
2069
2060
2063
2014
2023
2042
1984
2040
2038
1997
2022
2041
1999
2054
2036
2050
2041
2063
1998
2037
2043
2059
2061
2060
2051
2037
2064
2058
2049
2059
2059
2052
2034
2033
2022
2057
2070
2063
2034
1981
2052
2045
2095
2056
2065
2055
2050
2021
2049
2051
2048
2072
2024
2074
2056
2034
2069
2026
2049
2016
2054
2039
2067
2072
2051
2045
2049
2036
2042
2060
2034
2042
2073
1971
2049
2022
2078
2041
2065
2058
2046
2073
2050
2045
2050
2035
1996
2045
2037
2066
2060
2046
2058
2013
1993
2047
2034
2048
2062
2061
2039
2049
2036
2025
2055
2086
2052
2040
2067
2046
2049
2046
2041
2032
2040
2047
2069
2055
2045
1998
2057
2063
2069
2053
2011
2044
2064
2046
2012
2055
2045
2023
2062
2052
2022
2053
2049
2049
2033
2040
2036
1995
2055
1988
2053
2054
2010
2068
2062
2038
2044
2057
2036
2020
2063
2057
2044
2054
2066
2065
2048
2033
2062
2046
2045
1995
2016
2047
2049
2043
2070
2051
2033
2087
2034
2017
2017
2045
2052
2083
2019
2060
2016
2032
2039
2014
2074
1987
2043
2058
2055
2037
2028
2049
1965
2014
1998
2044
2065
2042
2042
2047
2037
2054
2045
2039
2071
2046
2031
2050
2058
2034
2041
2076
2029
2019
2006
2002
2047
2050
2007
2028
2039
2066
2051
2072
2049
2077
2050
2060
2081
2062
2066
2029
2076
2031
2044
2032
2048
2061
2059
2031
2062
2030
2072
2050
2046
2034
2023
2043
2009
2025
2024
2048
2047
2022
2049
2069
2049
2048
2062
2016
1987
2049
2039
2068
2032
2046
2038
2059
2035
2053
2024
2029
2043
2028
2052
2026
2025
2062
2041
2059
2042
2025
2030
2056
2062
2015
2003
2049
2047
2055
2050
1987
2038
2063
2038
2056
2050
2084
2059
2042
2035
1989
2002
2062
2043
2032
2014
2026
2028
2070
2024
2031
2034
2052
2038
2040
2036
2065
1992
2037
2055
2072
2044
2051
2024
2032
2040
2067
2060
2069
2043
2030
2034
2028
2012
2040
2028
2036
2040
2041
2018
2016
2007
2011
2024
2054
2055
2030
