1976
2009
2044
2009
2016
2009
2012
2032
2004
1963
2024
2009
2026
1986
1997
2000
1913
2001
1978
2021
1942
1981
1946
1990
2036
2014
2004
1991
2000
1973
2042
1957
2024
1984
2027
1994
2016
2015
2019
2037
1936
2013
1997
2007
2015
1956
1987
2011
2002
1944
1921
2004
2019
2014
2013
1999
1962
1999
1983
2013
1983
1996
1987
1971
1985
1993
2024
2009
1892
1982
1979
1974
1978
2003
2030
2040
2017
2039
2010
2017
1997
2008
2001
2003
2020
1966
1997
2033
2018
1993
1916
1983
1916
1990
1994
2001
1941
2027
1994
2015
2028
1996
1992
1999
1993
1996
2017
1998
2022
2001
1990
2042
2030
2023
1980
1968
2003
2038
1989
2000
1969
1959
1985
1993
1980
2008
2056
1982
2024
2037
2008
2033
1996
2015
1948
1989
1965
2007
1971
1993
1989
2043
1973
2013
2043
1960
1980
1975
1984
1961
2040
1999
2026
1992
1987
1948
1984
1969
1976
1981
2006
2016
1964
1947
1974
2038
2023
1971
1999
2011
1989
1993
2010
1973
1996
2027
2037
1945
1964
1970
1992
2024
1997
2007
2016
1980
1987
2009
1983
2024
1987
1968
1961
1983
1978
2026
2010
1983
1991
2019
1965
2019
2009
2002
2020
2016
1965
1990
2007
1969
1984
2023
2013
2011
1959
2036
2012
1995
2021
1994
1966
1998
2009
1977
1976
2006
2024
2023
1982
1983
2026
1956
1952
2012
1934
2015
2012
1958
2035
1946
2062
1998
2022
2018
2005
2019
2051
1989
2023
2025
1983
2009
2007
1974
1979
1988
1961
2024
1970
2012
2036
1997
2033
1950
2011
1984
2013
2045
1990
1996
1995
2032
1961
2022
1970
1958
1990
1968
1967
2004
1954
2005
2015
1999
2026
1983
1990
2005
2012
1973
2014
1972
2008
2001
1980
1987
2019
2004
1987
2034
1957
2013
1987
1984
2003
1977
2004
1992
2039
2006
2057
2001
1939
1983
2009
2033
1954
2018
1982
1992
1984
2038
1973
2002
1966
2013
1944
2033
2025
1974
1934
1981
2005
1977
2001
1992
1970
2022
2024
1980
1957
2022
1962
1974
2022
1981
2013
2007
2004
1953
1990
2022
2003
1991
2022
1984
2001
1979
2013
1978
1976
1992
2039
1975
2029
2014
1995
1978
1988
1992
1996
2015
1947
2016
1999
1981
2005
2007
1991
1937
2008
2016
2032
1985
1995
1997
2009
2003
2039
1985
1969
1981
1996
1980
1991
2006
1965
1996
2028
1976
2029
1973
1989
2002
1980
1967
2030
2003
2004
2033
2010
1981
2000
2004
1988
1998
2002
2014
1979
2014
1957
2028
1989
2029
2028
2013
2033
1974
1995
2018
1971
1983
2016
1979
1906
1994
1994
2004
2006
2024
2009
2033
2001
2010
2007
2010
2005
2004
2027
1980
2003
1985
1995
1992
2013
1960
2021
2026
2006
1963
1992
1973
2012
2005
1990
1956
2009
2007
1961
1992
1967
2038
1973
1984
1981
2015
1983
1974
1979
2021
2033
1986
1999
1974
2042
1966
1971
2015
1997
1955
2046
1962
1993
2052
2004
1936
2021
1970
2013
2023
