1771
1793
1782
1805
1713
1805
1823
1765
1754
1789
1815
1788
1808
1783
1846
1795
1810
1770
1824
1809
1830
1811
1759
1826
1778
1814
1779
1766
1808
1828
1768
1749
1781
1804
1771
1764
1813
1791
1734
1805
1769
1717
1797
1831
1769
1812
1790
1721
1782
1792
1849
1741
1815
1820
1809
1781
1785
1826
1760
1787
1794
1781
1753
1810
1833
1854
1803
1808
1847
1760
1761
1773
1816
1815
1761
1814
1709
1818
1805
1818
1857
1816
1783
1817
1825
1756
1847
1855
1768
1817
1742
1825
1743
1831
1789
1783
1803
1867
1774
1784
1843
1739
1817
1742
1768
1773
1780
1784
1805
1762
1821
1826
1775
1815
1784
1775
1808
1806
1781
1774
1792
1739
1820
1843
1799
1807
1762
1819
1803
1795
1765
1809
1787
1797
1772
1801
1754
1810
1821
1828
1815
1827
1753
1807
1800
1802
1805
1835
1765
1801
1763
1824
1798
1825
1841
1788
1823
1830
1785
1747
1771
1811
1778
1758
1809
1825
1828
1757
1812
1834
1756
1828
1833
1807
1831
1801
1763
1813
1766
1873
1757
1803
1809
1774
1780
1816
1714
1783
1719
1782
1805
1827
1792
1807
1745
1755
1813
1870
1822
1758
1783
1801
1851
1826
1787
1754
1842
1712
1833
1838
1751
1806
1788
1784
1787
1764
1830
1828
1804
1755
1777
1830
1829
1778
1767
1818
1784
1835
1785
1829
1844
1804
1843
1805
1808
1788
1830
1861
1831
1817
1832
1783
1817
1802
1780
1783
1820
1789
1769
1812
1799
1801
1830
1798
1731
1730
1793
1826
1781
1837
1797
1851
1818
1813
1746
1777
1791
1751
1831
1819
1801
1830
1813
1831
1735
1799
1778
1831
1820
1821
1806
1807
1824
1824
1795
1807
1834
1764
1802
1803
1767
1824
1795
1814
1772
1744
1785
1836
1789
1827
1785
1780
1835
1801
1841
1768
1806
1835
1807
1807
1813
1790
1749
1815
1812
1764
1813
1830
1822
1787
1810
1788
1815
1790
1738
1861
1832
1792
1851
1797
1811
1786
1823
1847
1816
1806
1761
1803
1733
1804
1829
1801
1817
1770
1769
1789
1769
1792
1738
1780
1756
1784
1778
1865
1833
1792
1724
1807
1801
1795
1803
1794
1804
1788
1739
1826
1773
1809
1781
1815
1810
1766
1788
1791
1803
1757
1797
1800
1781
1800
1753
1810
1817
1745
1833
1785
1834
1797
1772
1801
1764
1801
1835
1795
1738
1771
1808
1828
1717
1795
1850
1757
1796
1821
1689
1750
1792
1804
1777
1767
1804
1777
1808
1781
1752
1826
1849
1821
1806
1801
1763
1832
1821
1809
1851
1803
1809
1796
1770
1747
1807
1752
1764
1724
1794
1759
1801
1811
1828
1814
1776
1779
1774
1803
1801
1810
1785
1722
1827
1798
1775
1805
1815
1826
1786
1840
1829
1839
1850
1798
1815
1812
1778
1821
1823
1770
1749
1787
1782
1820
1818
1805
1779
1791
1818
1745
1837
1797
1778
1834
1780
1809
1831
1822
1777
1818
1813
1819
1813
1826
1790
1763
1820
1759
1765
1757
1854
1814
1747
1813
