1821
1817
1897
1866
1839
1813
1834
1809
1789
1870
1849
1852
1854
1922
1851
1792
1831
1807
1858
1840
1810
1831
1801
1897
1851
1830
1878
1877
1915
1854
1836
1866
1788
1880
1771
1804
1832
1822
1809
1767
1890
1892
1809
1811
1795
1826
1744
1851
1814
1838
1819
1853
1841
1825
1838
1844
1883
1815
1865
1817
1856
1840
1840
1853
1882
1795
1873
1962
1931
1742
1852
1836
1884
1850
1890
1828
1836
1890
1779
1865
1840
1893
1881
1836
1857
1827
1771
1872
1871
1870
1825
1852
1847
1848
1806
1807
1890
1838
1856
1861
1865
1857
1711
1920
1833
1877
1871
1814
1845
1908
1814
1821
1829
1862
1831
1866
1834
1814
1859
1834
1810
1877
1813
1735
1845
1747
1792
1878
1879
1855
1842
1827
1820
1813
1910
1849
1781
1844
1808
1812
1825
1808
1820
1802
1805
1749
1866
1714
1790
1792
1848
1866
1852
1866
1827
1813
1879
1837
1865
1789
1881
1808
1861
1884
1879
1828
1813
1892
1813
1844
1864
1870
1838
1871
1810
1872
1900
1784
1795
1828
1793
1785
1836
1875
1812
1856
1837
1847
1891
1810
1850
1821
1851
1860
1836
1871
1835
1851
1861
1850
1785
1799
1925
1856
1833
1773
1819
1799
1825
1847
1812
1832
1846
1756
1842
1826
1807
1854
1835
1862
1862
1816
1874
1807
1843
1866
1870
1797
1850
1869
1807
1805
1850
1741
1850
1713
1883
1757
1850
1874
1849
1863
1858
1844
1803
1862
1884
1841
1846
1822
1873
1779
1840
1806
1876
1845
1833
1839
1842
1868
1846
1849
1847
1831
1835
1832
1756
1831
1803
1834
1860
1856
1791
1869
1826
1825
1769
1886
1828
1902
1889
1819
1843
1875
1862
1897
1844
1819
1833
1873
1872
1874
1867
1733
1839
1811
1818
1867
1864
1790
1843
1840
1834
1832
1919
1822
1889
1804
1848
1788
1885
1857
1879
1784
1869
1880
1817
1788
1866
1799
1844
1888
1828
1783
1889
1805
1874
1853
1825
1877
1835
1752
1738
1833
1867
1854
1830
1784
1751
1754
1833
1895
1809
1835
1793
1866
1886
1849
1844
1802
1851
1837
1870
1809
1877
1817
1854
1810
1835
1788
1804
1876
1843
1902
1801
1906
1763
1893
1808
1784
1807
1850
1848
1862
1896
1851
1841
1817
1838
1853
1832
1856
1866
1838
1879
1853
1850
1808
1874
1876
1814
1814
1849
1821
1810
1884
1856
1776
1808
1828
1841
1855
1829
1806
1855
1826
1853
1885
1851
1839
1833
1883
1837
1850
1820
1849
1828
1803
1844
1771
1868
1888
1834
1855
1873
1838
1804
1740
1786
1774
1853
1881
1811
1822
1811
1899
1844
1802
1853
1864
1825
1866
1840
1820
1892
1857
1832
1833
1825
1840
1812
1866
1769
1820
1826
1788
1671
1693
1834
1809
1839
1860
1840
1853
2136
1800
1829
1838
1865
1868
1789
1790
1859
1807
1838
1823
1891
1839
1827
1815
1862
1869
1813
1823
1804
1807
1876
1827
1842
1851
1848
1730
1811
1865
1868
1833
1808
1840
1798
1819
