1885
1877
1907
1988
1851
2006
1964
1845
1824
1915
1874
1930
1822
1859
1841
1972
1933
1834
1989
1933
1845
1848
1891
1869
1950
1911
1843
1944
1851
1981
1866
1961
1851
1933
1842
1941
1942
1851
1870
1789
1888
1906
1863
1912
1839
1831
1829
1934
1804
1940
1828
1879
1899
1878
1902
1893
1926
1953
1830
1907
1909
1876
1966
1853
1868
1903
1957
1932
1914
1898
1866
1906
1864
1918
1982
1940
1961
1834
2003
1886
1958
1930
1903
1825
1843
1901
1918
1909
1860
1893
1954
1874
1883
1897
1876
1856
1987
1880
1903
1903
1900
1879
1883
1974
1901
1813
1847
1917
1837
1873
1853
1851
1823
1872
1891
1859
1949
1878
1896
1902
1884
1847
1887
1968
1897
1901
1870
1839
1996
1913
1910
1995
1901
1890
1867
1856
1897
2011
1867
1932
1840
1950
1900
1900
1840
1929
2008
1893
1930
1876
1866
1994
1860
1847
1862
1834
1864
1902
1927
1851
1933
1916
1847
1826
1851
1896
1849
1884
1927
1942
1970
1921
1881
1895
1912
1889
1921
1858
1850
1882
1903
1952
1880
1828
1947
1874
1863
1927
1843
1866
1905
1877
1889
1885
1864
1880
1863
1871
1842
1887
1827
1877
1930
1928
1869
1885
1881
1875
1857
1949
1819
1848
1987
1937
1919
1864
1932
1875
1828
1866
1917
1927
1962
1849
1831
1969
1969
1921
1941
1888
1925
1860
1943
1862
1874
1874
1865
1895
1844
1895
1920
1931
1822
1869
1879
1945
2047
1926
1834
1947
1881
1853
1961
1981
1893
1814
2068
1909
1870
1981
1911
1946
1967
1845
1889
1958
1947
1846
1887
1856
1980
1947
1918
1921
1889
1889
1863
1880
1838
1896
1971
1889
1922
1892
1948
1861
1848
1856
1830
1848
1872
1860
1869
1953
1863
1909
1940
1971
1911
1894
1942
1848
2016
1854
1916
1855
1836
1903
1970
1984
1892
1977
1934
1902
1897
1841
1837
1952
2070
1879
1883
1894
1849
1848
1879
1870
1930
1850
1899
1934
1880
1955
1851
1917
1869
1907
1940
1884
1897
1860
1865
1833
1952
1960
1886
1872
1890
1847
1880
1988
1989
1949
1851
1917
1890
1910
1865
1859
1951
1951
1966
1820
1855
1943
1883
1964
1914
1877
1961
1858
1924
1878
1894
1839
1967
1855
1884
1874
1903
1899
1907
2009
1888
1964
1927
1835
1929
1876
1891
1896
1978
1926
1851
1895
1921
1869
1948
1879
1873
1938
1857
1904
1853
1872
1814
1880
1956
1826
1878
1867
1868
1850
1861
1971
1959
1959
1929
1973
1884
1978
1932
1856
1859
1858
1856
1915
1933
1867
1936
1951
1894
1931
1829
1819
1871
1851
1878
1900
1977
1889
1898
1959
1867
1900
1870
1890
1923
1938
1940
1894
1975
1968
1803
1895
1913
1918
1858
1904
1834
1860
1839
1834
1875
1921
1912
1973
1833
1861
1909
1944
1920
1849
1969
1938
1968
1881
1869
1971
1968
1860
1895
1869
1936
1947
1978
1882
2003
1868
1914
1917
1991
1897
1867
1869
1992
1868
1836
1833
1982
1873
