2015
2000
2001
1966
2004
1948
1987
1959
1979
1942
1962
1916
1907
1968
1957
1989
1960
1984
1991
1959
1977
2014
2003
1963
1990
2007
1990
1941
1995
1954
2005
1961
1974
1967
1957
1929
1950
1979
1975
1963
1989
1931
1966
1990
1988
1992
1941
1937
2008
1977
1999
1977
1948
1982
1961
1938
1939
1983
1937
1967
1969
1984
1981
1977
1960
2000
1942
1945
1976
1965
1933
1999
1923
1936
1991
1970
1994
1951
1979
1931
2024
1977
1966
1993
2018
1987
1973
1991
1900
1984
1952
1973
1997
2000
1993
2000
2020
2016
1974
1986
1979
1978
1976
1991
1921
1968
1952
1915
1997
1982
1993
1968
1975
1972
1976
1950
1981
1977
1965
1970
1942
1990
2001
1986
1987
1951
1938
1965
1945
1995
1943
2025
1964
1939
2029
1941
1979
1951
2001
1957
1965
1958
1990
1959
1963
2006
1984
2012
1956
1961
1987
1951
1999
1957
1987
1988
1996
1988
1981
1961
1975
1979
1977
1974
1995
2009
1994
1912
1994
1953
1970
1930
1974
1991
2003
1965
1947
1983
1994
1958
1970
1962
2002
1959
1953
1979
1993
1968
1960
1967
1992
1949
1960
1981
1959
1968
1995
2010
1941
1987
1970
1959
1964
1986
1965
1967
1935
1991
1962
2015
1986
1979
1997
1897
1988
1998
1943
1899
1991
1970
2003
1930
1961
1935
1985
2001
1965
1997
1979
1968
1942
1990
1961
1930
1957
1969
1962
1975
1957
1983
1980
1977
1995
1995
1968
2004
1960
2002
1987
1998
1947
1965
1993
1926
1987
1998
1984
1991
1995
1963
1978
1959
1988
2001
1960
1954
1975
1970
1933
1944
1942
2041
1984
1997
1991
1931
1967
1967
1987
1985
1957
1951
1933
1953
2002
1968
1938
1957
1946
1965
1989
1974
1954
1994
1983
1991
1934
1978
1985
1965
1969
1933
1963
1982
1957
1985
1961
1990
2002
1994
1990
1951
1995
1991
1985
2023
2019
1949
1982
1956
1985
1973
1949
1997
1969
2001
1979
1957
1967
1941
1961
1975
1985
1980
1937
1923
1928
1980
1958
1995
1975
1983
1961
1951
1980
1965
1962
2002
1957
1991
1963
1961
1951
2000
1950
1948
1936
1974
1964
1956
1941
2001
1973
1990
1987
2004
1945
1923
1973
1958
1966
1982
1973
1952
1963
1954
1948
1986
1915
1960
1970
1989
1994
1972
1954
1978
1953
1924
1950
1955
1950
1995
1981
1970
1994
1943
1955
1978
1976
1972
2007
1984
1971
1966
1965
2000
1951
1926
1980
1962
1986
1980
1946
1956
1969
1937
1952
2014
1984
1986
1984
1907
1979
1962
1985
1977
1988
1964
1990
1951
2025
1971
1957
1969
1970
1980
1975
1964
1967
1983
1965
2006
2013
1964
1998
1996
1973
1989
1979
1991
1985
2006
1993
1969
1953
1961
1965
1978
1980
1983
1917
1921
1976
1992
1991
1981
1980
1930
2000
1951
1983
1947
2006
1945
1958
1970
1994
1977
2013
1944
2002
1940
1976
1976
1969
1973
1972
1968
2000
1994
1992
1996
1992
1982
1938
1963
2010
1955
1965
1969
