1526
1509
1536
1514
1571
1514
1554
1485
1586
1506
1549
1561
1575
1497
1566
1502
1504
1577
1572
1574
1527
1510
1461
1568
1561
1596
1549
1524
1534
1601
1506
1556
1489
1511
1517
1518
1522
1599
1461
1492
1483
1587
1527
1493
1523
1496
1545
1526
1500
1616
1574
1531
1572
1504
1513
1503
1568
1503
1472
1497
1576
1511
1497
1522
1593
1601
1518
1512
1511
1535
1530
1561
1548
1567
1561
1496
1512
1523
1538
1556
1513
1522
1533
1526
1570
1577
1511
1568
1478
1529
1497
1566
1518
1525
1576
1522
1479
1535
1480
1488
1502
1481
1539
1565
1533
1545
1566
1560
1541
1507
1548
1513
1516
1464
1536
1544
1507
1558
1487
1517
1518
1533
1547
1503
1565
1498
1503
1513
1499
1518
1545
1534
1526
1563
1491
1530
1568
1569
1545
1572
1525
1526
1474
1525
1540
1571
1525
1606
1498
1500
1586
1545
1509
1519
1509
1540
1612
1472
1579
1586
1590
1574
1515
1517
1501
1590
1590
1627
1530
1573
1514
1599
1514
1591
1511
1528
1520
1528
1534
1520
1545
1503
1490
1484
1516
1484
1487
1518
1492
1445
1594
1523
1529
1510
1488
1497
1557
1526
1522
1520
1466
1560
1498
1526
1499
1565
1580
1478
1511
1578
1560
1460
1523
1528
1520
1538
1502
1500
1516
1484
1515
1531
1513
1507
1535
1543
1538
1525
1506
1517
1590
1510
1597
1522
1518
1580
1538
1563
1565
1556
1538
1560
1550
1529
1565
1540
1499
1538
1478
1547
1573
1487
1525
1526
1510
1551
1573
1511
1526
1520
1458
1515
1563
1494
1531
1523
1507
1528
1564
1505
1560
1506
1537
1481
1527
1566
1489
1526
1505
1517
1525
1557
1533
1606
1587
1485
1555
1506
1576
1500
1560
1512
1543
1516
1507
1483
1592
1506
1508
1527
1533
1535
1501
1507
1507
1467
1555
1520
1586
1542
1520
1491
1510
1543
1498
1522
1628
1528
1526
1517
1551
1544
1493
1506
1499
1528
1530
1484
1589
1513
1475
1518
1501
1526
1531
1535
1583
1587
1534
1531
1594
1510
1508
1505
1494
1489
1518
1532
1542
1478
1510
1523
1522
1566
1524
1482
1545
1546
1510
1527
1537
1567
1524
1504
1552
1576
1509
1525
1519
1574
1532
1490
1509
1516
1536
1526
1573
1525
1495
1490
1464
1609
1554
1602
1547
1553
1542
1507
1519
1549
1453
1616
1542
1528
1554
1533
1506
1589
1521
1551
1504
1586
1502
1516
1518
1532
1585
1529
1511
1559
1528
1529
1522
1532
1548
1535
1591
1608
1527
1482
1533
1492
1527
1518
1566
1497
1514
1493
1498
1506
1522
1529
1557
1545
1493
1518
1588
1583
1578
1497
1568
1512
1503
1551
1548
1480
1513
1541
1530
1582
1531
1506
1529
1613
1517
1526
1466
1605
1589
1524
1583
1534
1559
1523
1524
1535
1524
1531
1506
1520
1491
1594
1524
1489
1508
1492
1535
1498
1522
1588
1535
1499
1508
1601
1580
1519
1525
1585
1533
1507
1567
1537
1512
1497
1579
1497
1545
1557
1492
1550
