2107
2124
2129
2123
2110
2104
2088
2099
2108
2089
2089
2119
2150
2144
2089
2117
2084
2106
2084
2123
2093
2113
2081
2087
2119
2125
2089
2069
2111
2067
2141
2072
2051
2110
2105
2089
2120
2104
2130
2113
2140
2094
2132
2113
2076
2123
2108
2106
2102
2101
2086
2099
2079
2108
2129
2123
2146
2120
2093
2057
2114
2125
2109
2119
2080
2080
2127
2125
2142
2117
2135
2103
2129
2075
2094
2060
2107
2114
2083
2046
2084
2080
2112
2119
2123
2102
2114
2074
2113
2111
2113
2116
2103
2131
2109
2142
2132
2082
2114
2093
2117
2111
2137
2100
2111
2119
2077
2097
2113
2099
2077
2046
2138
2162
2100
2111
2102
2120
2110
2073
2121
2085
2104
2094
2089
2079
2119
2116
2128
2119
2111
2099
2130
2104
2119
2123
2099
2139
2152
2100
2101
2128
2106
2118
2137
2098
2131
2125
2131
2108
2102
2113
2143
2072
2119
2103
2108
2098
2092
2105
2090
2133
2110
2140
2096
2104
2144
2119
2111
2130
2115
2141
2090
2094
2084
2095
2082
2148
2135
2124
2099
2116
2096
2116
2126
2113
2092
2078
2085
2117
2052
2100
2129
2120
2110
2072
2098
2135
2103
2118
2115
2114
2096
2120
2145
2131
2120
2108
2118
2133
2117
2119
2116
2107
2140
2119
2109
2108
2109
2109
2087
2093
2120
2080
2067
2107
2100
2112
2109
2104
2100
2115
2119
2095
2091
2094
2073
2128
2114
2060
2120
2113
2114
2113
2131
2094
2119
2122
2119
2108
2104
2121
2157
2105
2138
2116
2063
2102
2114
2129
2108
2103
2108
2110
2134
2108
2081
2062
2118
2088
2106
2105
2133
2106
2126
2130
2120
2094
2098
2095
2107
2104
2084
2096
2125
2102
2116
2127
2084
2077
2088
2109
2107
2129
2080
2114
2105
2129
2112
2080
2123
2120
2117
2113
2095
2123
2118
2096
2112
2125
2116
2127
2124
2098
2111
2139
2134
2099
2131
2113
2128
2098
2131
2094
2088
2143
2112
2085
2098
2120
2123
2073
2119
2127
2128
2101
2141
2101
2133
2102
2084
2125
2172
2128
2128
2108
2078
2133
2136
2120
2140
2089
2131
2132
2094
2111
2106
2119
2126
2102
2114
2122
2132
2126
2120
2099
2093
2120
2116
2115
2097
2105
2115
2104
2108
2114
2109
2124
2116
2108
2106
2109
2081
2119
2098
2105
2126
2137
2114
2099
2107
2105
2117
2096
2134
2090
2111
2093
2094
2106
2119
2132
2115
2131
2095
2095
2072
2112
2077
2117
2112
2116
2142
2127
2120
2124
2101
2105
2138
2094
2121
2045
2093
2093
2119
2107
2145
2118
2100
2059
2100
2137
2101
2095
2077
2100
2125
2131
2085
2096
2103
2111
2105
2114
2105
2124
2128
2092
2125
2104
2076
2113
2101
2123
2106
2094
2099
2105
2081
2151
2087
2055
2133
2131
2140
2098
2105
2097
2121
2088
2120
2133
2095
2099
2138
2125
2113
2074
2127
2140
2124
2135
2114
2089
2118
2083
2098
2104
2100
2097
2108
2088
2123
2110
2145
2135
2119
2128
2114
2075
