1797
1836
1874
1941
1810
1866
1827
1736
1857
1823
1924
1890
1875
1813
1850
1868
1838
1852
1867
1819
1856
1804
1891
2031
1803
1865
1926
1895
1812
1824
1860
1798
1827
1905
1822
1893
1897
2002
1858
1868
1892
1857
1882
1885
2011
2016
1902
1981
1898
1839
1810
1871
1835
1973
1900
1790
1857
1855
1860
1892
1970
1833
1845
1964
1878
1868
1861
1918
1891
1772
2005
1886
1922
1800
1944
1896
1927
1996
1836
1815
1814
1836
1903
1786
1935
1940
1850
1813
1922
1880
1979
1817
1856
1917
1817
1905
1851
1817
1863
1864
1972
1849
1931
1887
1868
1974
1852
1850
1829
1859
1849
1884
1837
1874
1950
1901
1889
1829
1880
1910
1861
1914
1865
1817
1951
1900
1868
1899
1844
1828
1836
1766
1838
1981
1844
1919
1837
1827
1835
1927
1867
1905
2046
1970
1797
1842
1887
1809
1945
1766
1820
1837
1830
1891
1863
1864
1950
1858
1840
1962
1834
1989
1853
1775
1913
1818
1984
1973
1966
1793
1845
1937
1845
1886
1836
1821
1813
1889
1879
1814
1854
1829
1832
1875
1842
1899
1883
1919
1971
1812
1925
1872
1857
1909
1818
1857
1874
1852
1839
1924
1856
1985
1968
1831
1830
1859
1955
1865
1949
1975
1866
1771
1806
1837
1860
1858
1877
1862
1985
1822
1877
1853
1878
1850
1869
1956
1926
1811
1842
1963
1881
1900
1823
1864
1936
1834
1916
1835
1895
1948
1844
1995
1882
1985
1869
1978
1918
1854
1919
1875
1851
1919
1958
1952
1878
1815
1822
1918
2005
1859
1882
1837
1802
1874
1965
1943
1987
1837
1830
1915
1923
1829
2022
1858
1895
1982
1877
1856
1888
1903
1794
1829
1888
1846
1830
1945
1910
2002
1961
1955
1849
1971
1818
1949
1944
1830
1943
1863
1873
1983
1879
1890
1840
1911
1938
1834
1918
1948
1862
1922
1940
1960
1928
1995
1954
1835
1842
1857
1841
1838
1802
1986
1802
1850
1807
1954
1900
1835
1849
1837
1848
1789
1816
1858
2027
1820
1847
1943
2022
1869
1886
1902
1796
1831
1814
1860
1835
1843
1975
1889
1861
1963
1942
1855
1847
1868
1913
1809
1886
1949
1974
1894
1823
1863
1890
1935
1979
1914
1825
1878
1809
1815
1848
1925
1828
2017
1843
1847
1848
1852
1942
1895
1822
1917
1939
1860
1829
1847
1831
1851
1845
1813
1856
1823
1834
1896
1956
1973
1940
1935
1847
1859
1789
1932
1895
1968
1877
1916
1883
1911
1819
1870
1860
1971
1888
1865
1914
1896
1912
1840
1838
1853
1923
1856
1950
1818
1815
1985
1829
1911
1864
1960
1842
1855
1803
1843
1880
1847
1846
1860
1829
1827
1832
1844
1860
1921
1865
1880
1966
1967
1860
1910
1962
1964
1857
1921
1881
1861
1952
1824
1904
1890
1887
1858
1898
1905
1852
1979
1882
1960
1856
1998
1911
1801
1904
1924
1855
1924
1866
1924
1846
1862
1925
1876
1866
1890
1855
1849
1973
1867
1806
1858
1850
1869
1877
1888
1914
1832
1908
1974
