788
782
786
772
810
777
765
768
789
795
806
775
777
761
758
774
768
791
782
798
787
798
793
767
788
801
783
788
781
768
799
776
772
783
787
794
763
796
774
807
784
766
799
789
774
785
796
777
746
797
776
786
852
768
785
762
781
790
783
806
766
784
783
876
777
782
787
770
786
792
805
776
788
792
787
768
783
788
791
793
797
762
791
803
795
777
790
761
790
767
771
776
784
776
801
800
759
783
786
784
807
786
771
803
788
760
792
804
779
791
771
779
801
769
752
769
751
847
777
757
776
788
788
787
780
777
801
764
803
786
778
794
762
798
820
793
808
760
798
760
774
768
848
795
800
789
783
771
775
786
763
789
779
799
760
784
794
773
778
788
792
767
767
774
826
778
796
780
792
794
785
792
790
794
798
776
794
769
798
786
797
796
778
785
770
791
792
758
799
793
800
780
799
783
802
778
803
768
818
789
808
785
793
811
799
818
770
788
778
792
863
796
773
780
799
790
771
802
768
792
789
819
794
779
775
781
790
783
799
787
767
790
774
811
793
799
813
775
787
775
847
775
764
804
798
783
782
799
785
789
791
796
775
758
801
783
761
805
785
789
807
783
780
772
771
790
781
795
791
786
770
790
786
797
789
791
796
755
781
789
782
783
792
800
780
780
779
783
778
782
788
768
811
761
779
811
795
781
779
777
790
776
859
779
784
790
789
798
787
808
772
791
787
788
790
786
798
787
787
786
760
797
797
812
776
775
792
784
784
764
786
791
787
761
800
798
784
793
791
773
789
819
774
788
774
784
810
790
853
793
804
766
788
779
789
803
837
787
787
816
776
802
790
810
746
792
767
760
794
790
790
797
797
771
761
843
800
756
782
769
799
794
759
779
780
779
788
782
796
782
795
801
810
785
782
775
770
780
794
782
795
772
757
804
809
774
805
778
788
769
786
775
793
782
801
776
767
797
772
779
804
794
798
877
812
786
776
784
787
793
788
794
756
799
784
789
787
791
802
787
806
780
789
778
793
792
781
783
789
809
779
774
793
796
807
782
775
780
790
791
797
787
781
816
813
791
780
780
786
800
785
780
872
777
765
791
771
808
772
782
776
788
788
803
792
794
775
792
773
798
777
804
790
792
756
793
811
800
773
789
