92
64
66
66
62
68
70
81
83
82
56
64
82
56
80
67
94
62
54
77
67
83
77
69
79
80
53
84
84
68
64
80
78
43
69
81
77
60
63
66
82
82
64
74
75
76
71
72
96
83
72
61
77
102
94
67
79
80
55
59
94
72
65
69
90
86
79
63
75
67
83
71
81
48
65
79
67
72
72
63
66
40
72
67
68
61
80
56
75
84
74
83
82
82
65
68
62
77
70
76
57
70
75
62
71
64
76
85
63
81
80
80
62
69
55
76
86
76
92
70
74
84
76
91
66
76
84
91
74
56
63
63
60
67
68
82
87
77
71
60
62
90
78
70
70
80
76
68
77
71
62
73
88
83
73
85
69
92
69
69
60
72
84
71
62
46
64
66
60
61
79
80
53
97
59
61
81
72
74
88
57
65
72
93
86
73
85
75
81
80
74
77
96
51
63
71
62
85
58
69
64
95
66
75
78
64
56
82
76
83
73
72
70
74
71
90
70
77
91
71
85
75
78
80
71
68
77
63
75
90
86
74
86
75
83
90
89
85
58
67
73
70
56
84
77
87
75
63
68
77
61
80
62
80
67
78
83
82
66
86
72
66
70
73
82
98
93
61
75
87
51
65
90
70
51
89
95
67
77
71
61
84
61
67
72
70
66
60
78
79
64
97
70
60
88
95
88
65
77
82
70
55
91
69
68
65
77
69
74
66
71
74
71
76
82
76
84
64
67
56
63
57
89
82
86
72
70
87
69
78
64
78
72
105
83
69
82
70
76
74
88
59
77
78
69
56
69
67
62
72
81
60
63
78
67
69
73
83
80
58
72
56
84
55
85
88
80
80
72
77
63
72
87
69
76
86
54
60
80
69
66
41
74
70
50
89
85
60
72
57
65
75
86
95
58
52
67
89
50
93
71
63
56
58
78
77
51
83
65
75
64
41
72
88
45
68
74
75
79
88
83
86
70
79
85
88
77
80
72
85
85
64
95
84
78
74
68
80
70
78
65
76
67
64
69
88
71
68
81
77
73
86
80
59
64
81
65
79
86
97
91
68
78
87
71
83
80
55
62
64
77
73
89
60
70
85
80
75
90
64
89
78
85
77
74
85
76
58
84
79
67
74
86
72
74
67
89
57
67
57
