40
43
0
28
44
15
40
32
0
36
36
36
36
20
40
49
39
45
44
32
44
34
27
49
41
28
41
36
46
33
49
36
25
17
44
0
45
39
28
50
26
29
26
34
50
20
38
22
42
50
28
24
25
49
42
44
22
26
33
46
51
46
45
46
36
58
50
43
24
46
48
35
50
35
21
16
47
30
45
38
45
22
39
39
0
27
46
42
26
55
48
30
49
0
48
43
24
33
31
51
39
33
45
0
40
32
31
40
0
37
24
21
40
40
46
44
34
42
49
43
41
53
45
37
40
55
11
50
44
34
38
23
38
37
40
34
44
36
28
27
38
57
24
44
26
30
40
33
34
36
35
42
50
47
49
27
41
31
32
0
36
0
26
45
44
24
46
39
43
40
39
35
40
30
37
29
40
35
38
39
19
46
38
50
0
0
45
30
27
0
49
0
49
0
39
43
29
47
33
47
60
45
46
41
46
44
50
36
32
28
28
27
0
41
23
55
31
38
45
46
58
38
34
40
39
37
41
40
28
38
47
44
37
0
33
0
0
28
0
32
34
44
42
32
22
50
21
35
33
37
41
30
27
29
0
0
24
35
40
54
25
32
27
46
0
52
48
27
21
40
26
45
65
48
31
38
40
15
44
32
39
38
60
41
32
31
32
47
39
30
28
31
41
37
27
50
44
50
38
30
22
32
30
22
48
37
35
26
53
30
34
27
56
34
40
0
46
42
26
22
42
32
42
32
38
48
60
48
37
40
39
49
38
46
34
33
32
38
42
28
31
50
47
52
40
38
0
28
28
39
34
25
46
43
51
30
29
28
40
33
39
37
29
28
28
48
52
41
41
39
0
29
34
16
0
23
36
29
35
31
31
28
46
18
26
39
38
19
27
39
0
53
51
26
46
29
34
26
31
13
39
28
42
19
0
24
35
31
45
0
38
9
33
33
37
43
52
28
40
46
23
38
22
34
45
0
26
25
36
30
48
42
48
37
49
16
54
16
30
0
19
44
38
24
51
40
53
36
39
22
30
45
59
29
38
0
18
26
36
44
52
27
46
35
31
37
36
41
0
17
37
33
51
43
42
0
47
35
41
57
0
58
36
33
33
26
41
20
45
50
41
0
62
0
38
27
46
42
51
35
