146
141
116
129
145
118
166
125
152
169
152
154
140
121
157
147
164
158
150
182
131
156
127
135
129
112
122
135
150
150
142
138
153
160
148
132
148
118
133
127
123
159
128
153
153
149
163
140
133
145
155
140
141
119
130
134
121
105
131
133
164
118
161
135
132
132
115
168
125
160
128
130
118
153
181
157
153
148
146
147
124
150
138
117
138
132
155
136
124
156
151
161
141
131
102
126
163
134
159
121
142
168
143
145
145
157
128
149
127
127
145
149
122
133
153
140
152
122
145
124
120
138
114
108
139
126
133
110
123
146
149
163
154
172
154
144
147
144
166
163
156
128
151
154
142
134
158
152
150
133
146
120
128
138
150
148
141
157
135
125
154
171
158
134
142
156
148
122
182
118
158
153
147
137
138
158
135
127
155
135
117
133
124
153
127
117
146
155
133
140
153
128
134
147
165
142
128
157
124
181
151
136
133
128
149
158
109
141
137
132
143
158
140
142
159
162
161
120
130
168
143
161
141
136
163
121
143
126
176
167
131
0
131
177
168
136
153
130
124
147
156
119
113
157
163
134
135
112
168
140
153
163
167
150
135
152
137
104
111
134
151
123
156
143
151
125
158
137
153
138
136
121
161
143
133
149
144
123
128
139
145
156
142
160
150
161
140
140
163
161
141
152
121
179
147
179
171
127
133
172
144
146
144
142
138
106
135
158
146
151
122
148
131
155
146
142
158
147
131
141
122
137
154
183
133
143
170
155
155
142
138
160
135
150
143
137
163
127
161
133
131
168
180
108
133
135
155
182
122
134
135
130
148
118
111
149
138
148
131
131
139
147
155
148
155
102
128
150
120
132
135
151
134
153
95
168
151
172
150
127
170
132
140
161
174
158
140
138
149
148
139
164
131
154
110
160
159
124
141
123
160
143
135
157
151
153
148
122
112
154
165
155
170
136
132
139
146
152
121
173
165
118
180
150
112
160
147
153
142
168
145
130
125
137
130
132
142
135
135
145
149
112
148
120
126
167
150
134
123
133
165
129
144
139
162
152
143
127
99
137
168
138
132
128
126
149
134
180
112
138
132
141
169
153
126
143
130
127
121
158
124
83
124
135
152
155
132
146
150
137
122
159
148
130
147
117
143
162
139
137
