449
458
459
488
479
491
386
419
438
491
469
462
474
477
421
460
467
443
491
457
539
456
455
470
473
460
474
463
470
493
457
427
427
461
459
470
443
473
458
494
500
472
438
462
479
492
457
394
437
482
454
456
451
446
476
468
469
511
469
485
463
477
440
455
466
479
402
457
465
461
467
489
459
491
420
448
463
465
422
423
448
457
507
426
496
470
494
462
509
505
450
483
460
471
479
505
467
467
454
500
481
527
502
445
440
414
477
500
495
470
454
500
449
466
409
484
421
443
467
460
496
443
439
438
413
395
419
480
471
404
446
414
493
443
490
454
479
454
494
488
512
428
452
499
440
451
460
488
457
455
483
469
437
447
402
443
472
504
484
479
451
454
445
468
431
445
442
438
418
454
451
449
455
432
475
466
405
450
394
443
465
460
460
474
469
481
464
466
495
468
492
430
515
490
437
429
466
510
465
461
479
426
458
490
474
427
479
453
482
479
493
463
476
477
449
497
465
481
493
485
420
404
489
467
497
447
414
540
464
453
532
475
455
492
437
528
425
432
406
426
407
464
535
402
518
473
428
459
493
449
457
456
482
459
480
465
415
501
404
441
461
518
411
467
481
434
450
491
485
456
492
468
451
458
436
468
506
485
427
431
500
485
453
509
500
489
469
428
467
480
438
463
500
458
474
438
448
433
470
485
422
470
443
443
433
456
443
443
421
438
441
440
486
459
453
461
435
447
484
472
501
468
452
446
464
466
462
426
463
456
447
494
424
463
458
469
485
447
455
447
493
439
471
423
500
470
442
509
487
488
463
510
479
513
491
433
483
459
472
480
482
478
438
429
487
474
477
410
472
476
459
478
491
438
453
432
436
493
453
441
429
468
430
424
448
464
466
484
452
454
481
462
472
496
463
428
475
436
497
448
413
468
507
484
478
476
488
499
467
408
413
454
478
440
437
437
462
492
487
456
454
504
457
479
448
384
480
442
459
499
448
469
442
445
420
452
454
404
445
454
486
475
460
439
476
471
447
446
460
481
412
469
447
482
450
442
445
472
456
486
455
446
471
446
477
500
420
485
447
510
418
372
450
462
448
492
492
461
466
462
476
517
499
472
471
470
462
430
446
455
429
477
462
491
487
425
455
421
449
448
