682
682
685
668
707
669
716
680
691
716
697
681
685
698
697
692
697
696
669
678
687
701
716
694
701
668
687
674
676
715
676
697
686
694
697
688
680
689
675
683
689
673
673
674
752
710
692
697
671
659
760
684
679
729
674
667
696
697
681
708
714
704
661
672
675
675
694
669
689
701
666
701
672
692
682
679
694
709
686
682
723
687
690
677
676
651
687
690
678
710
698
704
679
677
682
671
701
643
681
701
698
665
689
701
693
682
678
703
686
680
695
694
673
687
687
689
696
657
694
679
699
671
684
676
696
669
691
692
661
690
672
708
682
695
728
690
699
674
681
677
677
690
674
688
697
667
678
685
694
686
716
675
696
699
671
648
689
697
718
667
690
697
690
657
693
677
698
682
691
667
735
686
694
676
693
698
714
691
692
677
691
679
690
675
677
688
685
688
667
673
687
702
725
692
695
688
695
703
696
704
685
677
693
667
695
696
679
691
678
655
687
673
694
674
675
681
709
687
698
697
673
703
670
679
707
694
702
682
719
698
688
672
704
695
691
682
705
707
694
696
678
664
676
696
695
687
687
658
708
675
696
685
694
697
734
693
692
694
697
679
689
696
710
676
693
669
713
689
705
687
690
687
679
702
691
683
691
682
714
685
673
693
673
743
703
676
688
669
706
673
671
711
680
687
663
706
675
694
677
710
690
669
707
675
657
660
705
675
692
696
675
698
680
697
685
661
689
687
695
665
674
673
683
691
673
697
692
689
681
676
680
674
666
688
706
695
669
698
701
703
666
690
686
674
691
686
664
680
663
701
692
686
717
679
703
698
694
696
679
668
679
690
688
693
678
684
681
709
695
684
677
665
675
679
685
672
678
696
681
681
689
685
694
693
699
680
670
695
672
679
686
681
663
680
674
676
680
680
680
689
679
686
686
682
703
675
670
738
675
679
687
688
692
687
696
679
704
699
680
689
678
687
721
702
695
717
702
690
680
675
652
675
676
694
710
683
660
713
680
717
696
686
662
688
707
688
706
690
695
719
745
686
698
694
694
686
676
734
685
701
686
699
697
698
699
659
685
695
657
666
696
709
659
703
686
687
687
677
670
689
685
709
665
680
672
709
688
677
701
695
675
692
749
680
703
719
683
677
679
692
