33
30
28
41
34
0
32
39
26
30
47
26
32
50
30
25
41
45
25
38
37
47
36
39
0
40
29
39
45
47
33
41
34
36
47
25
32
33
39
43
37
34
39
46
19
48
52
43
39
40
35
45
41
27
38
35
34
34
40
43
34
32
39
49
28
36
37
47
49
27
45
41
32
45
45
28
39
39
26
47
45
39
44
45
44
30
33
25
41
44
23
35
42
44
23
32
44
0
36
43
42
45
41
25
52
43
36
52
36
44
34
27
29
46
39
42
43
42
35
44
38
36
34
49
30
54
29
41
40
46
33
36
44
38
23
46
46
37
42
47
32
30
54
37
26
32
32
38
25
52
27
51
34
33
38
37
43
38
43
36
51
32
38
47
44
22
38
38
37
41
38
39
41
38
33
46
41
50
43
41
36
43
31
40
42
29
48
54
37
34
35
42
53
35
35
33
31
44
18
28
45
49
41
43
32
0
42
0
39
40
47
42
29
41
40
27
48
40
48
41
47
28
40
25
30
48
43
33
29
26
36
27
32
31
41
41
34
27
35
40
54
33
31
52
30
53
33
39
45
40
44
27
44
39
48
41
18
35
38
42
39
32
47
37
33
44
32
41
36
36
40
38
32
45
32
49
40
47
50
29
24
50
31
41
51
37
38
29
32
31
30
40
39
39
44
47
35
42
37
45
41
31
44
43
48
29
32
34
46
43
32
40
51
27
52
42
40
44
36
29
44
42
40
49
34
46
35
39
44
35
29
43
27
45
35
51
50
56
35
41
36
39
33
41
34
33
42
42
33
41
39
32
47
44
41
33
42
46
36
21
39
39
33
35
30
20
43
0
48
37
29
41
43
36
44
34
43
50
27
32
55
37
37
38
40
44
40
50
37
47
24
36
38
36
43
47
32
29
44
41
39
45
50
0
44
40
34
32
31
39
41
35
46
37
40
53
38
49
40
42
40
27
24
54
38
34
42
47
37
35
36
46
30
42
27
51
22
44
41
48
36
31
46
34
28
33
35
31
34
30
31
35
46
45
34
45
41
62
38
38
29
42
42
41
41
34
35
43
31
49
43
43
47
46
34
45
31
36
41
40
34
35
39
31
48
45
39
48
46
36
36
30
57
43
34
39
39
45
43
34
