153
144
142
137
159
148
136
149
131
137
150
150
130
159
139
150
129
148
140
155
157
149
149
153
158
147
153
149
157
157
156
146
156
142
152
144
161
150
148
139
145
126
166
161
157
152
162
166
141
159
151
138
152
132
147
142
157
143
150
150
166
143
147
141
151
156
156
146
135
140
151
144
145
143
155
126
167
135
148
132
150
168
158
141
152
163
158
144
141
150
128
140
151
165
126
135
145
150
167
149
139
136
145
128
137
154
148
160
138
151
156
138
148
161
151
147
140
140
156
144
130
150
150
146
126
179
136
145
136
151
147
144
140
149
155
171
153
153
141
155
148
139
152
145
156
139
151
132
159
145
132
146
144
142
160
155
152
156
153
142
149
145
135
148
152
167
145
142
150
143
142
170
142
144
156
148
151
150
157
156
147
163
158
131
144
136
167
156
145
158
162
157
152
154
158
149
163
156
144
166
143
151
135
154
148
166
138
147
148
149
142
158
143
164
160
151
154
142
155
143
149
152
156
143
154
167
160
146
150
143
160
135
144
151
150
147
148
150
152
160
162
153
153
137
137
162
163
146
148
158
148
129
157
162
159
153
144
151
154
151
157
152
157
143
144
143
126
156
137
150
127
160
157
163
145
147
155
155
153
151
144
135
146
132
162
158
149
150
140
146
138
163
154
159
148
154
145
152
148
147
168
129
155
163
140
135
144
146
152
150
152
149
160
147
152
139
159
139
157
167
155
167
130
147
141
142
157
153
140
152
153
166
134
162
155
146
141
158
145
139
125
136
138
160
131
155
151
131
171
166
152
151
152
139
149
137
151
152
146
148
138
144
150
140
147
149
162
159
142
140
153
138
148
146
149
138
158
144
156
140
163
150
150
131
162
152
128
159
153
156
136
151
152
158
157
158
169
167
162
139
148
143
139
158
152
138
158
153
150
139
153
156
148
154
144
146
146
148
155
147
157
151
152
148
163
141
149
151
146
154
160
153
156
154
144
142
149
149
152
162
140
149
149
153
163
143
158
134
129
136
152
157
152
139
152
145
146
163
152
142
153
141
164
152
155
158
147
151
161
154
156
145
159
149
162
147
150
162
137
159
148
152
138
136
168
165
133
155
153
152
135
143
148
143
147
153
154
159
158
135
