344
356
343
334
332
331
334
352
337
334
330
348
347
328
343
335
327
337
324
340
344
349
348
333
326
341
333
327
316
334
350
318
337
346
350
345
331
333
348
333
351
337
331
331
347
343
349
329
332
361
345
346
369
334
340
339
355
338
341
356
348
351
351
327
327
344
346
353
326
336
333
334
353
335
335
354
365
323
357
332
355
328
328
316
344
354
346
347
358
356
357
343
362
349
342
327
344
337
322
349
338
338
348
340
327
340
363
335
345
354
332
348
342
324
335
342
347
314
348
340
334
323
331
351
328
318
344
334
326
323
354
341
356
347
340
319
356
321
324
330
323
343
345
331
319
335
337
352
356
328
335
328
341
354
337
359
345
332
350
359
331
377
332
343
327
358
313
354
326
339
344
322
332
327
329
360
334
338
328
327
342
302
324
343
338
331
352
340
334
337
349
342
343
334
342
354
332
337
351
340
347
322
334
336
336
322
338
353
343
345
325
346
307
323
346
334
344
338
356
347
342
351
323
326
325
335
348
356
345
325
331
352
333
321
338
340
321
337
335
344
334
343
329
322
331
338
335
328
353
323
329
332
332
350
338
327
350
354
305
357
318
345
335
339
335
345
330
351
339
354
347
321
330
340
354
350
351
349
337
336
339
362
339
340
327
340
349
340
338
344
323
334
359
335
330
333
350
341
325
348
327
337
327
330
356
358
352
332
333
303
352
345
345
330
349
360
346
328
345
326
346
327
319
346
337
331
353
321
350
327
344
309
347
324
333
336
344
350
350
350
348
320
342
345
341
345
335
327
348
348
335
339
333
340
343
348
343
332
325
340
339
337
331
333
349
341
335
318
345
342
336
329
328
343
335
344
352
345
332
323
341
344
321
335
345
321
316
330
320
345
324
347
353
346
351
327
341
321
334
324
330
339
341
329
346
350
339
338
348
319
319
309
338
331
317
330
341
330
343
327
337
358
343
352
347
323
345
333
341
338
362
339
361
334
324
341
323
345
336
342
324
319
328
318
344
380
348
329
330
340
365
346
349
347
326
325
358
346
326
325
348
357
348
331
358
343
326
339
326
335
331
346
336
326
340
336
344
334
346
348
339
328
342
344
332
334
330
322
322
325
341
328
331
332
337
341
334
340
351
327
