31
33
14
23
22
17
27
35
23
29
30
28
0
0
24
0
24
19
26
29
32
36
34
28
0
23
30
19
0
26
16
33
36
0
32
26
31
24
37
34
17
16
36
31
35
0
0
29
29
29
11
16
24
35
26
11
29
0
0
27
31
26
21
31
26
10
24
12
24
0
20
16
0
18
24
27
0
21
24
16
0
28
24
22
12
0
14
28
25
21
8
25
18
24
32
19
29
25
31
23
0
35
18
28
12
30
18
20
27
17
24
38
18
28
0
0
41
28
40
40
16
22
29
19
13
37
0
0
22
0
0
35
19
29
19
33
23
29
31
29
24
29
26
22
39
16
27
19
17
20
23
36
17
0
21
27
27
16
27
0
31
24
28
27
0
9
29
39
24
37
28
26
24
27
33
26
28
20
15
35
28
30
25
37
22
23
31
30
0
26
34
27
0
28
0
17
20
15
10
21
25
29
14
21
27
44
32
29
22
28
28
35
28
16
15
23
28
28
15
36
15
19
35
22
31
28
27
28
37
20
23
31
29
0
27
27
26
23
30
0
31
22
34
38
42
26
34
25
25
21
29
23
40
30
21
20
27
33
20
30
23
17
37
28
39
25
17
29
16
36
19
19
0
31
0
30
31
29
18
24
16
29
35
36
22
34
19
22
37
32
21
27
23
34
24
0
26
26
19
19
0
23
28
26
35
28
0
39
23
15
23
0
18
31
22
22
37
28
42
30
24
29
36
30
22
15
28
37
34
32
24
26
27
24
31
0
14
24
33
13
36
20
38
18
23
17
27
36
29
17
32
0
38
17
13
34
37
19
15
30
34
28
21
26
24
0
23
30
18
20
29
0
28
26
33
27
27
0
21
22
29
11
24
16
18
26
37
38
32
27
9
36
29
27
29
19
29
24
27
14
25
38
25
22
36
24
17
17
24
27
15
24
30
24
23
31
20
34
29
26
25
21
30
0
22
33
22
0
31
28
26
31
31
23
21
31
26
27
0
28
29
25
18
25
23
19
0
0
20
23
26
21
0
24
23
0
40
35
26
17
19
17
20
27
44
28
0
34
24
16
0
30
17
0
32
28
29
31
26
28
26
0
16
21
5
27
16
27
20
17
0
27
23
16
31
37
31
0
15
31
