71
107
98
71
120
106
85
112
82
115
91
117
116
104
82
92
99
101
102
105
104
93
93
89
105
92
112
91
96
85
90
102
83
77
82
93
76
90
105
87
94
79
90
119
90
101
79
104
75
85
99
115
116
101
106
93
96
107
104
102
98
105
95
93
80
88
113
107
99
108
84
87
109
93
105
98
121
118
95
111
119
95
84
111
106
99
112
87
105
74
111
94
85
127
109
99
93
100
102
90
91
109
104
76
112
98
83
102
98
86
124
100
102
110
0
65
84
95
116
90
70
87
85
85
122
56
99
93
108
83
97
83
136
100
96
102
103
99
92
102
105
105
94
90
98
110
83
116
94
105
99
97
103
110
115
113
99
103
96
91
113
103
91
100
89
97
106
109
98
86
104
105
112
92
94
104
105
107
86
94
97
79
90
84
71
86
78
99
109
102
90
89
85
89
88
93
114
93
91
106
105
101
78
114
90
123
88
117
93
86
94
93
110
75
78
96
110
96
92
103
73
81
92
100
98
99
51
88
93
93
109
115
113
98
72
108
111
82
102
106
126
52
86
101
104
80
90
110
90
108
84
119
91
97
65
114
91
114
99
116
99
87
122
101
98
72
86
94
77
93
100
105
123
77
95
89
85
110
118
108
98
105
95
70
103
91
89
111
94
81
89
103
105
118
91
74
78
91
110
87
104
79
100
89
87
96
89
91
99
108
97
103
88
86
126
103
83
107
80
123
71
85
90
80
105
108
101
77
85
81
80
96
83
106
99
99
106
111
98
100
98
103
133
114
105
101
104
100
93
96
101
100
82
110
89
106
106
100
73
104
79
135
102
93
98
83
93
112
90
99
98
102
103
106
90
102
87
123
95
81
67
94
97
104
93
126
105
103
105
88
101
110
79
84
115
68
109
90
93
73
92
89
78
99
97
101
98
106
96
98
94
97
100
74
108
102
77
81
112
100
88
64
107
87
94
92
91
96
91
100
95
91
91
96
77
103
109
104
74
93
93
108
103
97
112
97
88
113
116
83
94
86
85
76
95
105
109
95
90
111
107
129
113
118
105
97
59
97
85
116
110
86
109
112
88
94
74
84
77
89
97
76
112
111
93
109
73
98
108
105
109
82
71
118
104
88
104
107
113
122
