83
84
74
81
71
84
83
75
78
73
80
79
77
72
72
81
82
67
65
69
90
81
82
78
82
77
70
74
79
77
84
71
79
80
78
76
81
82
80
81
79
71
68
74
71
79
71
80
72
65
73
68
73
82
91
79
72
82
77
69
71
85
75
90
73
73
84
79
79
87
63
87
78
78
73
67
82
76
83
79
75
83
72
66
79
76
77
78
77
76
76
71
83
82
73
76
74
71
76
69
77
62
65
69
79
74
76
64
84
89
73
67
78
74
88
72
81
81
75
74
89
78
71
78
80
87
73
76
81
84
72
79
85
87
70
89
86
86
87
75
81
78
85
76
73
82
85
81
70
88
82
74
78
84
85
82
82
80
66
84
77
73
84
76
80
73
79
82
94
88
74
80
81
81
77
86
65
79
80
75
69
81
76
95
76
80
92
85
84
82
74
84
75
84
78
85
82
80
80
74
75
83
68
78
77
73
71
97
80
87
84
69
81
75
71
82
74
87
82
86
86
64
80
67
73
69
73
68
81
73
70
78
84
72
83
77
83
76
82
83
71
61
85
81
83
85
69
81
74
72
76
75
73
65
72
91
77
84
72
81
74
85
65
72
83
79
85
74
77
84
88
73
83
82
72
90
80
81
74
73
87
78
79
79
83
76
81
82
80
81
77
60
83
76
76
68
87
76
84
82
71
74
82
76
82
82
77
82
79
84
73
71
89
70
80
78
84
76
84
78
76
88
82
71
70
73
75
76
85
79
77
84
75
77
77
76
67
72
69
80
79
83
79
89
80
96
70
76
84
78
77
86
76
89
70
64
66
76
68
79
75
86
82
79
81
75
83
74
78
84
73
80
82
82
76
74
83
87
70
76
84
81
69
75
73
83
85
83
76
73
92
82
79
64
78
87
80
79
88
83
69
90
81
81
88
79
75
79
79
78
80
71
73
76
88
77
68
77
83
85
84
82
75
79
87
86
72
76
79
80
82
84
80
73
72
82
75
78
73
84
87
92
79
76
85
67
75
95
80
79
84
63
66
78
74
88
76
84
85
77
67
75
79
72
78
78
74
68
76
78
73
72
66
66
76
89
79
78
82
75
78
87
77
84
83
87
78
72
79
75
63
68
79
75
72
85
73
77
72
74
