199
205
176
185
194
205
194
179
195
210
188
193
187
166
204
185
187
191
210
198
182
179
175
189
194
187
186
186
213
185
176
184
199
186
198
201
174
188
196
184
196
187
176
198
200
185
197
198
179
207
177
182
193
199
202
182
187
205
182
171
192
189
199
192
193
194
182
197
196
176
196
186
198
184
192
188
199
187
200
183
196
190
187
198
204
205
194
188
196
202
182
202
195
186
196
192
190
168
191
197
193
200
189
199
193
193
198
195
193
179
183
199
187
207
194
193
206
194
186
187
208
193
182
199
192
190
197
172
201
197
205
193
191
195
189
201
180
190
189
192
188
181
194
193
186
198
201
188
183
183
189
200
200
198
203
183
197
197
195
189
194
186
187
200
202
195
197
211
191
195
205
184
178
206
209
195
179
190
188
200
190
198
182
181
188
189
201
188
197
191
194
196
200
196
197
189
200
181
179
184
203
196
201
211
194
192
196
200
195
190
193
198
205
175
185
200
187
187
189
208
188
210
187
189
188
196
191
199
199
188
203
186
187
181
194
191
186
190
185
191
197
194
182
193
188
174
210
208
193
201
206
200
194
192
187
182
198
192
187
190
188
198
175
193
199
181
191
177
193
210
200
192
181
187
186
202
170
198
200
204
194
199
192
193
190
199
189
197
211
195
183
189
193
181
198
184
196
196
193
187
172
191
205
192
175
182
176
180
187
187
190
199
189
179
188
191
203
188
184
186
188
189
197
178
194
202
204
194
196
205
202
196
192
193
172
210
208
181
184
200
190
193
202
182
192
187
185
200
182
189
194
191
202
173
200
187
188
179
206
189
203
191
188
191
196
198
194
173
198
185
178
211
204
206
181
193
198
210
194
199
193
198
190
174
194
198
187
192
184
190
187
205
200
205
200
196
193
178
204
194
189
183
186
195
196
201
201
201
181
177
201
179
183
205
204
174
198
200
189
190
187
184
198
184
181
190
181
182
175
183
190
210
192
178
182
202
192
182
201
197
187
202
210
183
197
184
186
205
194
189
205
206
190
198
194
185
193
183
188
193
180
179
187
184
192
204
199
183
184
228
192
190
189
192
195
192
202
192
191
185
192
202
182
200
184
197
187
171
186
187
189
204
213
191
203
191
182
195
187
186
