83
0
105
92
108
78
109
101
78
107
105
65
96
123
113
74
111
88
108
99
132
86
89
103
91
60
96
79
95
92
106
0
118
132
72
110
69
69
81
124
0
101
88
117
89
117
122
65
94
95
94
116
87
109
89
92
88
68
98
114
114
94
87
75
81
104
113
97
96
77
60
69
0
82
100
76
95
114
90
68
110
0
105
101
61
103
108
107
91
0
100
105
127
88
75
90
102
122
110
117
81
102
126
105
130
89
49
146
94
82
88
94
63
76
66
70
76
88
108
77
124
83
116
60
91
121
103
74
92
104
109
103
100
113
114
101
119
100
127
83
74
51
77
90
66
130
64
88
108
128
79
112
107
0
92
90
116
138
103
99
93
108
70
58
78
114
89
79
0
81
49
76
94
112
98
97
70
122
52
78
76
112
65
143
91
102
110
80
0
128
74
102
100
93
103
87
73
80
109
116
79
77
112
97
103
97
99
44
123
60
0
78
87
108
108
93
69
101
80
103
47
95
83
118
0
88
96
90
82
90
88
111
100
98
80
98
92
69
97
109
81
125
105
64
99
105
128
83
70
67
69
62
74
61
109
111
0
92
91
79
86
91
120
99
78
63
107
94
87
83
101
123
77
0
93
59
43
85
95
128
84
83
0
121
0
87
89
0
118
74
30
64
93
101
78
86
73
95
127
89
95
111
82
99
108
93
117
85
91
106
83
93
159
77
68
108
107
102
85
93
68
95
107
125
105
140
97
112
93
114
97
90
56
90
76
89
50
94
87
80
120
107
94
0
111
103
103
116
120
98
84
91
84
0
95
94
106
63
71
52
103
98
97
109
95
111
123
93
86
89
77
95
69
67
68
86
106
88
86
120
121
95
70
125
0
107
126
91
107
85
50
112
107
84
101
112
73
114
86
99
0
121
0
96
97
44
92
58
99
68
82
102
110
201
93
99
74
135
102
96
85
99
116
0
126
85
62
91
0
90
71
110
78
84
81
100
82
86
77
106
97
104
103
82
104
125
102
103
59
103
108
115
91
92
94
119
90
88
91
0
97
101
72
111
99
99
93
88
102
90
100
81
85
101
98
55
0
106
116
111
89
63
93
0
93
72
87
100
95
117
101
98
99
87
88
132
118
121
128
99
