85
87
70
81
76
76
73
82
68
61
66
87
79
58
66
76
68
69
68
78
89
73
91
88
69
72
83
75
75
86
81
87
93
68
92
68
79
71
80
81
95
70
88
92
63
82
73
77
86
86
93
54
77
78
77
75
83
72
82
90
63
68
86
66
67
81
75
75
64
59
76
77
57
76
75
75
78
67
78
83
77
73
83
71
81
71
83
69
67
83
60
77
80
92
59
76
81
75
75
76
79
79
69
78
84
96
67
84
78
78
69
66
80
77
75
79
83
72
88
67
77
75
77
75
71
91
69
71
70
73
69
82
78
83
77
75
82
83
87
73
80
74
85
73
75
76
78
72
71
81
66
79
84
76
74
77
85
78
82
75
73
80
65
79
74
92
76
79
86
85
77
88
75
78
80
85
67
86
84
93
78
92
71
76
60
73
77
77
91
66
80
79
94
72
67
69
82
86
65
89
76
83
68
67
79
72
76
83
81
80
79
85
62
81
94
71
91
75
78
74
74
79
64
62
71
68
84
59
73
73
72
63
69
74
81
73
79
83
66
83
85
88
74
64
70
82
81
103
64
83
82
70
81
79
80
80
62
64
66
74
82
80
91
61
77
82
77
75
77
77
75
80
89
89
70
75
79
73
65
85
88
77
82
73
98
80
74
89
77
70
73
84
91
76
86
77
84
81
73
86
93
69
55
71
84
67
75
70
92
79
65
76
73
82
86
71
79
79
73
96
75
75
59
70
85
65
75
86
83
80
62
72
77
74
79
96
68
79
82
71
87
71
68
74
61
64
62
69
100
97
84
60
77
72
81
64
95
74
78
71
83
71
83
81
80
80
66
88
75
82
89
60
78
61
81
76
84
80
65
87
68
64
94
84
73
80
61
96
70
89
64
86
83
74
80
88
90
87
90
70
87
75
61
71
80
84
80
75
90
74
79
94
78
80
70
77
65
72
73
78
83
75
69
64
92
74
68
85
72
77
83
80
81
83
66
84
67
73
77
91
76
83
83
78
79
67
84
82
83
76
82
76
72
75
68
77
89
82
79
72
78
84
66
85
74
75
78
77
95
86
78
72
78
87
74
81
96
73
74
83
92
74
83
72
86
86
72
81
73
76
72
68
85
78
84
81
81
81
79
74
