47
50
31
41
42
42
40
43
48
34
39
39
31
49
39
43
53
42
33
41
49
44
41
37
38
31
47
32
39
46
44
40
38
54
49
45
42
41
37
37
38
40
32
29
31
43
35
41
45
44
38
39
38
44
41
45
43
44
45
44
37
38
31
37
43
31
46
37
29
43
32
36
34
45
32
36
37
35
38
41
34
31
31
35
42
47
39
37
44
31
35
38
39
39
39
37
32
49
44
45
43
33
36
35
40
48
42
37
24
42
29
34
31
41
55
49
48
37
41
39
45
37
26
36
39
37
39
33
37
40
35
48
35
47
49
44
50
43
47
41
32
47
41
36
33
38
47
40
35
41
35
40
38
38
33
46
38
40
34
40
35
29
30
36
38
37
43
45
45
43
40
43
42
44
34
48
38
41
35
40
35
40
34
51
33
40
42
43
39
34
48
42
44
39
28
41
43
35
40
36
37
48
28
34
42
38
38
49
39
46
51
40
44
28
35
30
39
39
47
47
47
30
40
32
33
44
38
37
47
38
44
37
39
35
48
40
38
38
37
42
40
24
36
31
39
47
37
42
38
29
35
40
34
40
41
41
45
46
31
44
30
48
36
39
34
35
36
40
32
44
50
41
43
42
41
52
29
48
36
50
46
39
49
30
44
42
34
44
41
40
33
32
42
42
33
37
47
39
37
46
30
40
54
35
39
31
42
48
28
43
40
38
49
32
43
41
39
39
35
42
33
46
44
33
43
41
33
39
41
47
36
33
36
50
45
44
39
41
37
32
35
44
39
47
46
50
41
35
43
40
30
37
41
50
31
32
37
39
34
38
36
47
44
32
44
44
41
41
42
40
43
42
44
41
34
46
42
37
38
47
40
40
34
46
44
37
47
40
26
41
42
39
41
36
47
45
38
39
45
46
35
48
43
40
52
36
40
37
41
42
36
33
43
38
48
43
39
42
43
44
42
33
37
39
37
47
32
42
35
41
41
40
42
31
38
46
43
34
44
39
46
40
38
37
39
35
43
49
41
37
44
30
35
47
47
44
43
41
43
34
34
40
46
37
38
39
37
40
35
41
38
31
48
31
34
35
37
35
42
39
42
40
39
43
35
36
34
36
42
37
36
30
41
29
38
45
42
39
46
40
