55
58
55
50
46
47
60
55
51
64
44
48
55
48
60
48
57
51
48
49
49
57
49
48
56
52
38
59
68
55
55
50
57
51
60
52
43
55
52
64
51
51
38
45
49
62
45
63
48
42
46
56
52
38
50
58
54
51
49
54
43
54
61
48
56
55
46
43
54
48
57
63
52
46
60
64
54
50
66
52
56
60
60
61
59
57
57
43
64
56
54
56
43
54
54
54
58
50
46
41
55
42
48
55
51
58
61
50
35
50
52
54
48
55
50
53
60
47
37
57
52
46
49
58
38
55
55
46
58
55
55
46
66
64
44
59
59
56
59
49
45
54
59
56
50
52
57
47
49
53
53
56
56
56
61
44
46
53
48
45
55
46
41
49
41
46
59
65
58
56
59
49
48
59
68
65
44
43
51
61
49
54
49
55
50
44
48
53
64
48
38
46
57
52
58
53
60
48
52
48
55
53
42
57
53
53
60
50
57
62
50
66
50
52
40
61
62
54
52
62
49
54
50
42
55
64
46
55
54
50
60
55
58
61
46
61
53
53
51
53
56
48
48
53
55
48
45
59
55
50
70
59
55
55
47
49
50
55
51
58
56
56
61
60
58
50
54
58
40
58
43
55
53
38
44
64
50
57
44
45
52
64
56
57
48
52
62
48
58
69
64
48
54
40
46
61
54
62
42
51
49
60
52
55
40
48
40
36
52
52
54
60
47
60
52
54
60
60
41
55
57
47
46
56
51
49
51
53
46
59
53
45
58
45
48
55
53
51
47
66
46
55
54
45
55
59
60
43
44
56
45
49
48
51
48
42
47
35
66
48
63
57
55
45
55
52
58
42
56
50
48
44
45
46
57
65
63
63
56
57
62
54
50
60
63
56
56
59
62
47
52
60
62
61
48
47
57
47
55
57
54
54
48
53
60
52
56
59
52
49
46
49
50
52
47
53
51
59
55
63
53
50
63
51
43
47
57
44
59
64
55
70
63
47
57
34
57
45
57
56
55
55
64
51
50
49
49
56
45
51
60
51
57
56
45
43
51
39
51
44
53
40
57
63
46
53
59
54
52
56
55
52
44
60
54
51
59
41
60
43
53
52
53
56
48
53
53
53
56
56
54
50
54
48
60
50
46
54
48
54
