182
190
200
205
177
126
189
187
188
201
179
170
156
186
158
154
185
162
186
167
178
205
194
164
190
193
165
191
192
162
188
193
201
141
194
185
194
206
184
201
125
201
179
179
143
188
181
182
172
177
178
206
149
174
201
166
181
193
149
230
157
190
179
154
195
193
179
152
205
177
208
197
204
176
206
214
193
164
207
199
201
169
199
183
160
194
192
168
171
171
168
198
194
171
175
158
138
186
158
189
182
171
157
177
156
198
192
183
214
173
177
201
195
145
176
194
157
189
203
197
141
161
167
194
167
195
202
136
180
202
182
193
189
190
179
174
169
191
202
117
173
159
196
199
199
168
203
190
176
199
207
230
175
200
189
182
176
173
157
123
188
194
219
167
183
189
194
212
158
187
187
162
168
198
164
170
143
149
203
204
189
161
167
204
201
171
196
161
191
187
176
191
190
163
195
201
172
207
178
189
177
161
161
164
185
184
155
194
187
157
153
192
152
171
164
197
145
171
184
216
195
178
182
181
206
185
178
190
179
190
191
172
172
187
170
199
211
203
188
185
174
150
140
182
155
196
198
189
166
174
177
197
173
196
189
178
150
177
192
165
200
178
193
188
180
177
178
147
187
186
200
219
200
157
185
185
194
200
168
203
201
203
210
186
193
164
144
188
205
185
178
168
212
171
141
194
181
157
188
199
187
160
145
178
169
158
193
167
208
197
186
153
158
171
194
193
186
157
159
172
189
182
198
201
162
122
164
176
183
189
169
189
195
209
154
208
180
166
173
183
193
189
191
199
181
203
193
203
214
183
179
184
212
184
202
203
176
159
182
177
143
190
161
175
188
186
165
196
166
190
177
172
192
168
165
190
173
182
178
182
191
212
159
204
195
214
196
164
181
191
184
198
211
209
188
161
199
182
165
166
186
196
200
174
179
185
196
170
183
174
119
187
200
176
174
199
153
178
185
182
188
169
168
213
166
157
182
207
182
178
191
224
203
170
186
184
187
213
196
198
208
209
206
206
204
165
195
185
158
188
187
203
181
178
165
192
211
170
178
189
193
187
165
164
181
202
180
194
210
198
171
184
192
158
169
196
161
213
193
178
165
206
187
187
177
157
185
187
166
155
179
187
201
182
166
216
177
141
212
201
