0
14
7
0
14
0
11
9
6
13
7
11
0
0
12
11
6
4
12
0
6
0
16
0
13
12
0
9
16
12
11
3
9
10
16
14
12
7
12
14
17
10
11
0
9
0
6
0
0
8
8
0
8
0
0
15
14
0
7
17
0
0
0
11
12
0
13
15
0
8
6
0
0
11
0
13
10
0
14
12
0
0
0
16
14
16
11
0
8
10
13
0
12
12
14
6
14
13
14
17
6
6
9
8
11
14
13
13
11
0
16
0
8
10
0
11
14
5
20
15
0
12
0
11
0
6
16
8
13
0
12
17
0
0
0
18
13
13
9
0
14
0
0
10
12
13
14
13
12
10
0
18
0
7
0
18
19
7
0
9
10
3
0
0
12
0
0
9
14
0
8
10
18
0
8
15
9
15
15
0
14
0
0
13
0
9
16
0
9
6
9
9
0
11
6
8
7
7
11
10
7
13
11
0
0
0
7
13
15
10
10
11
12
8
13
9
0
10
13
8
0
10
0
5
0
0
0
5
0
5
0
9
8
9
0
0
0
0
6
8
9
10
7
0
12
10
18
13
0
0
8
10
0
10
11
0
0
10
0
19
13
0
8
11
13
11
13
0
14
0
0
19
0
13
8
14
15
0
13
15
0
9
14
0
0
4
16
17
14
9
0
8
9
13
3
20
0
12
13
0
11
0
0
12
0
0
0
9
11
13
12
10
8
6
7
14
3
10
9
10
11
14
7
0
0
11
0
0
0
15
0
5
0
12
15
11
0
11
8
8
5
0
7
10
10
0
11
6
17
11
8
0
11
11
8
12
0
0
0
0
9
12
16
12
7
16
14
9
16
21
9
10
12
9
8
8
9
16
0
13
11
15
12
12
0
15
9
0
12
0
17
7
0
9
0
0
5
22
14
0
7
0
14
0
11
0
0
0
14
0
0
10
16
10
23
12
0
14
0
14
0
12
0
0
16
11
0
14
0
0
7
11
5
11
12
17
0
9
0
12
11
8
11
13
0
5
14
0
11
13
12
10
7
11
13
12
0
12
10
7
0
10
7
9
11
0
7
0
10
9
9
12
0
11
0
8
0
0
12
11
15
0
22
12
0
13
10
13
17
12
17
0
0
0
13
14
0
14
17
0
