188
207
186
182
220
184
180
194
204
187
173
196
216
198
195
174
181
197
214
193
198
195
190
171
192
176
197
186
199
191
183
203
184
177
206
179
197
197
189
183
204
208
179
197
199
173
141
170
168
189
173
194
199
181
176
184
188
195
185
191
179
165
206
186
185
220
193
217
192
197
214
205
204
179
173
190
201
199
190
198
205
181
183
190
215
204
213
169
191
200
191
177
196
199
206
184
193
183
187
169
193
197
192
196
202
182
189
200
198
186
171
155
192
202
200
175
190
187
215
192
215
205
170
172
172
179
191
201
172
188
192
208
188
178
207
212
195
170
189
170
196
215
176
201
194
233
183
200
196
204
206
200
212
174
180
213
175
188
195
205
209
207
148
195
181
202
202
195
210
178
196
212
212
194
199
199
198
210
190
194
188
202
176
194
180
198
177
157
201
201
200
187
201
214
178
208
188
183
195
194
186
194
169
199
190
197
194
193
164
173
181
170
187
169
168
191
193
180
187
190
198
185
189
208
196
175
175
198
186
166
185
192
197
192
202
204
203
177
206
221
180
207
181
188
191
168
170
191
212
215
187
220
198
214
178
195
213
208
179
188
182
183
212
201
184
176
185
194
204
203
187
184
189
201
186
170
173
194
163
206
177
184
195
187
189
189
182
199
189
184
179
185
199
208
164
187
197
216
212
179
199
185
169
188
149
193
193
214
194
205
170
192
193
172
197
182
197
199
183
186
197
199
191
203
174
197
187
187
187
202
182
181
184
209
209
188
210
206
190
203
201
200
204
188
196
217
202
169
184
173
173
199
183
178
182
186
205
201
191
169
208
214
175
192
166
170
164
184
177
201
194
188
179
212
198
205
180
195
195
181
170
185
184
209
216
183
205
186
178
188
195
160
184
196
191
176
198
174
192
207
198
198
197
177
190
192
195
187
175
188
163
197
194
185
178
214
163
170
208
196
217
190
205
178
189
173
166
201
185
164
176
208
196
191
191
200
176
176
194
214
189
166
194
182
200
168
190
199
219
209
183
200
171
184
168
177
194
228
204
219
203
194
199
195
189
207
200
201
162
169
203
190
192
198
187
173
187
181
172
202
194
181
206
191
190
205
185
182
179
201
184
207
171
189
197
170
182
200
206
200
