471
476
449
450
464
443
446
437
452
430
477
465
444
447
472
485
483
465
441
433
457
460
450
436
450
436
470
458
459
453
433
421
452
477
449
464
473
438
457
423
447
451
440
450
470
445
470
463
470
462
473
475
464
452
453
454
446
473
445
454
458
486
473
471
447
471
461
461
454
485
468
463
455
452
463
440
451
453
453
476
465
443
454
441
450
474
450
453
431
478
454
448
479
470
456
450
432
443
455
453
431
461
466
453
457
446
432
460
471
466
473
455
445
434
459
431
435
451
451
444
457
461
468
460
471
454
467
448
441
444
439
436
431
442
459
471
458
461
461
431
440
471
468
475
463
457
460
462
442
450
433
459
462
479
433
457
473
481
449
439
448
468
466
478
469
447
442
438
442
470
453
458
462
444
448
445
491
458
469
437
430
447
449
480
449
448
450
462
449
460
458
418
456
452
459
458
443
467
448
471
435
441
449
444
454
458
474
456
455
454
452
456
465
463
442
454
484
473
429
466
444
482
462
466
465
450
455
451
460
453
439
469
457
428
486
470
466
445
453
467
440
466
461
478
452
460
449
453
456
459
457
443
455
474
450
458
455
460
443
447
454
476
468
452
450
456
481
444
445
456
430
459
473
439
468
449
454
438
470
458
466
472
447
476
446
447
442
481
451
468
449
458
470
437
447
455
475
453
448
455
425
457
457
461
442
452
459
456
459
453
456
484
484
463
469
442
449
436
435
465
472
473
450
473
462
446
466
450
459
460
450
468
465
465
450
453
439
463
440
467
463
447
459
456
458
449
453
448
440
455
436
454
448
467
426
458
457
454
430
446
459
446
442
443
439
439
451
449
433
470
456
475
462
464
467
451
458
453
446
473
455
463
445
449
449
453
460
460
452
474
445
438
456
460
454
464
479
450
455
470
449
453
447
451
450
453
455
474
444
429
431
465
432
462
458
458
436
456
461
465
454
461
447
465
450
451
435
451
445
470
468
452
474
471
466
442
447
465
461
449
437
438
441
405
454
466
459
482
465
451
450
453
469
430
457
440
443
465
427
436
448
458
467
447
444
462
436
451
421
449
440
465
468
454
453
463
470
457
445
426
464
467
430
449
461
446
449
448
455
437
445
445
430
428
445
436
467
448
445
438
