183
201
205
186
194
197
195
186
201
189
199
195
189
177
198
187
210
176
186
197
187
194
187
199
184
201
206
186
165
200
192
182
193
197
199
193
186
190
203
198
210
185
191
176
199
187
201
196
210
207
192
199
184
218
196
223
195
188
177
212
195
198
202
206
191
182
210
181
188
197
176
169
209
166
204
196
208
187
213
181
209
195
184
175
180
202
205
190
198
205
194
194
194
177
197
196
200
191
187
190
194
207
200
199
178
203
206
190
201
193
189
188
184
186
187
213
184
184
209
180
176
194
182
179
201
169
196
191
187
190
201
188
192
178
190
183
195
197
178
189
180
196
185
194
201
216
196
178
194
173
166
195
208
219
216
205
184
197
193
190
193
199
183
187
196
180
173
190
199
196
205
183
170
200
211
222
198
211
189
185
200
159
191
184
200
196
200
200
188
192
200
186
184
188
197
200
182
204
201
200
177
186
188
203
203
193
196
210
200
186
197
220
176
170
181
193
197
190
186
187
185
191
192
174
189
176
194
189
204
171
197
184
207
199
196
195
191
199
183
197
197
204
193
188
186
212
191
183
205
181
209
178
196
196
196
191
210
197
177
192
178
174
191
193
188
192
191
200
208
206
199
191
190
188
216
210
195
199
208
189
200
195
181
189
177
193
204
199
190
193
186
182
213
189
203
195
203
201
193
194
187
190
208
187
190
200
203
193
202
178
207
210
205
196
207
207
186
207
191
198
185
190
192
194
177
184
199
175
200
198
200
176
215
188
197
201
201
204
191
213
192
194
192
205
197
205
195
191
196
205
201
194
216
202
197
217
182
193
195
193
184
190
184
200
199
193
199
186
183
201
198
184
202
192
178
183
199
185
179
188
206
194
194
205
192
193
183
196
186
206
200
195
179
202
199
197
189
196
203
182
199
196
196
194
188
219
195
198
207
184
182
175
189
202
175
174
191
191
194
191
197
172
183
206
208
183
195
197
205
205
207
209
194
183
193
201
183
195
187
203
197
185
202
173
193
212
190
208
171
184
212
180
192
210
199
168
192
192
193
184
185
201
190
186
206
212
181
185
191
187
169
207
173
186
189
197
196
206
202
200
189
194
218
187
188
176
186
173
196
183
189
199
173
202
197
182
210
188
209
207
