273
258
278
233
303
251
262
253
300
274
261
275
278
265
291
277
257
268
248
279
280
262
286
275
294
249
263
266
263
300
246
262
265
273
277
267
284
275
250
275
262
284
248
270
280
277
281
264
270
239
232
263
253
281
266
238
285
281
290
261
279
284
265
294
231
264
277
271
280
295
252
278
254
279
295
281
305
287
281
274
247
251
272
249
285
243
250
268
284
271
295
280
257
259
285
238
283
238
256
270
254
270
261
237
277
244
268
257
278
244
232
271
248
282
248
253
259
268
289
275
270
274
244
252
262
247
256
277
290
261
270
265
266
233
268
287
279
250
243
253
249
284
280
295
277
274
259
291
290
267
256
268
254
270
279
250
260
285
259
260
261
291
272
294
266
273
248
271
293
259
281
272
286
264
261
280
290
283
286
250
289
248
266
269
248
255
274
283
269
254
287
294
275
273
289
263
268
284
263
275
294
255
287
274
283
283
276
271
267
245
267
281
259
267
259
277
274
279
260
265
242
259
250
282
277
264
303
283
295
265
264
287
279
271
281
258
278
254
217
272
240
247
241
265
276
256
294
264
290
281
298
268
256
276
267
289
268
261
269
255
308
253
289
254
300
272
278
271
274
281
272
269
258
257
295
228
236
276
282
272
221
286
294
275
242
274
260
281
273
264
268
291
298
274
266
302
276
315
239
276
272
249
237
269
281
230
255
263
271
259
275
253
249
280
255
239
291
284
280
275
269
295
282
277
221
249
254
280
289
268
240
282
267
249
281
267
282
279
274
268
254
291
283
263
240
266
278
298
274
279
288
292
241
263
285
276
289
273
261
235
255
275
254
266
286
248
261
263
261
280
253
247
254
270
291
285
209
256
249
273
278
284
277
215
311
269
229
252
278
239
267
263
277
284
268
287
237
269
247
262
255
287
277
276
251
282
261
256
279
279
260
261
289
294
283
253
261
260
268
272
283
268
302
253
266
288
271
278
236
250
253
297
271
268
270
277
265
274
253
279
281
300
288
263
247
262
287
272
280
255
253
239
282
269
281
284
262
269
288
294
273
297
291
264
268
259
281
265
251
261
265
242
273
259
248
291
281
273
258
261
248
295
258
279
269
281
249
283
258
253
276
296
281
255
248
318
280
274
280
263
