253
244
249
292
263
229
245
238
157
300
297
275
236
279
255
245
303
258
239
245
295
266
287
307
259
283
266
286
255
256
271
264
225
250
260
282
268
240
292
245
284
224
275
276
323
277
256
281
259
319
260
286
247
276
275
284
280
262
325
268
300
231
213
271
270
278
204
248
271
254
212
245
264
276
251
296
250
253
249
255
238
256
276
269
269
293
250
252
263
245
266
241
230
284
259
296
255
251
207
260
259
295
308
254
264
299
250
296
330
275
249
281
265
259
272
269
245
269
233
259
262
260
270
234
254
213
265
258
298
264
263
256
299
246
271
278
336
286
284
210
268
242
277
278
229
235
272
271
280
273
275
235
286
261
292
273
329
287
293
255
263
229
272
271
259
258
295
233
278
271
297
306
288
238
288
298
270
211
289
268
193
298
253
270
263
267
225
282
271
276
267
306
292
269
276
254
268
298
268
260
265
280
237
255
286
249
274
227
265
290
284
214
284
252
268
290
260
249
252
315
294
255
312
294
242
208
243
245
283
229
285
278
263
260
279
284
297
274
279
287
251
218
284
225
299
248
290
276
259
277
301
279
252
240
308
266
255
283
277
300
276
236
277
264
285
307
249
305
241
224
263
224
277
245
258
247
298
191
277
280
249
276
254
286
276
293
299
289
264
265
306
232
277
278
279
271
304
241
224
294
259
284
245
247
201
297
286
290
277
217
294
253
269
286
248
269
231
244
287
287
259
283
273
294
322
269
265
250
243
284
260
250
277
299
293
271
299
263
240
307
279
249
267
237
284
261
270
305
251
294
255
299
259
256
282
289
270
267
270
248
262
257
248
275
273
267
265
234
285
288
306
283
282
244
288
311
243
285
297
263
259
237
267
173
282
247
275
236
211
293
265
246
250
275
203
260
285
235
259
247
237
280
287
274
231
266
270
265
271
262
292
252
229
332
250
297
263
292
256
267
255
271
299
293
316
231
259
251
281
305
207
287
278
245
210
261
267
219
264
219
305
253
291
283
267
382
284
279
256
286
270
289
245
241
213
265
227
249
280
265
266
268
245
343
268
318
282
248
263
271
291
254
284
261
311
270
255
284
285
260
304
257
297
279
271
275
298
255
289
312
272
292
261
268
225
259
285
246
244
262
