575
550
562
543
560
529
559
542
517
504
567
585
516
546
538
544
516
549
555
541
526
551
525
516
548
549
565
547
602
533
545
555
534
534
563
549
560
541
564
562
594
537
553
556
515
567
539
545
546
546
562
516
539
540
573
540
532
546
531
562
576
568
545
526
551
542
525
541
534
590
615
538
564
548
542
530
538
546
543
543
573
537
551
551
559
537
549
524
529
567
535
515
548
567
526
529
525
528
565
542
547
559
546
550
553
547
561
563
554
541
543
536
539
511
560
536
517
517
567
529
577
535
563
530
532
538
523
547
553
541
524
564
530
565
529
559
547
524
554
524
520
509
545
548
543
570
534
582
551
543
521
555
602
565
520
511
528
526
539
563
560
550
547
585
538
598
589
527
554
556
526
543
534
527
562
533
529
521
551
559
545
538
539
538
530
541
541
578
575
544
556
532
558
538
552
527
553
553
543
549
557
544
490
545
580
566
545
540
543
547
554
548
549
540
535
530
524
540
526
542
536
571
553
526
526
552
539
525
535
538
525
532
544
538
593
536
564
575
559
569
543
542
533
604
587
565
539
536
522
537
552
546
561
529
546
546
561
554
593
529
566
520
547
522
583
517
553
546
545
539
521
542
529
609
555
558
556
581
582
580
536
528
551
609
601
609
547
538
561
545
542
528
520
529
584
554
541
538
548
536
547
541
569
530
537
538
537
546
533
548
549
545
536
520
542
543
527
556
534
552
540
554
563
572
560
531
599
543
544
534
544
577
512
553
544
544
567
585
516
520
550
530
565
565
513
546
539
535
614
548
552
534
532
524
556
568
585
537
553
567
528
538
561
563
509
551
588
548
550
570
563
522
560
526
519
539
555
539
567
542
561
565
526
553
546
537
559
548
587
525
560
541
548
613
558
546
530
555
540
572
543
534
533
548
555
516
563
537
555
531
534
549
528
544
536
544
519
548
541
566
531
571
514
553
530
569
552
548
517
532
520
545
545
536
528
567
541
574
547
547
531
561
551
583
554
566
565
537
567
547
554
556
576
548
573
522
537
591
534
551
569
537
545
538
550
553
575
621
602
558
550
548
575
540
529
534
512
552
555
527
550
566
543
609
553
512
549
562
559
561
522
529
542
530
516
530
570
526
541
527
