19
18
15
17
12
0
12
14
18
20
12
10
0
13
15
17
21
6
15
0
11
17
11
16
12
10
12
13
0
16
15
8
0
9
18
10
19
0
9
13
17
21
13
8
0
29
12
15
0
13
17
0
0
0
6
17
13
0
11
16
18
0
15
17
14
17
0
17
19
23
17
0
0
11
15
25
17
8
22
13
12
23
17
9
0
16
12
15
14
23
10
17
14
9
12
16
19
7
10
10
12
14
13
15
0
11
12
19
0
0
8
15
17
0
7
19
21
13
0
15
0
0
0
17
0
16
0
11
7
0
14
0
10
20
10
14
23
0
0
9
19
9
20
13
10
14
19
13
0
15
14
17
8
18
15
0
14
20
15
13
12
13
18
5
14
14
17
17
0
15
12
0
0
0
0
0
0
0
17
20
9
13
12
17
13
0
0
9
13
18
19
13
11
23
14
10
16
10
0
9
17
12
0
12
0
14
8
13
21
15
14
13
19
8
0
15
0
0
0
0
11
12
15
23
22
21
0
21
14
12
3
21
18
21
19
20
10
25
16
0
19
10
14
0
0
11
13
20
17
14
15
0
11
0
22
0
6
25
19
0
15
10
0
0
24
5
12
20
8
11
0
7
22
0
16
13
13
12
20
13
19
0
11
16
13
0
13
10
11
0
17
14
20
3
7
10
18
21
9
8
12
11
13
0
0
12
0
0
16
9
11
0
21
21
15
12
13
11
16
12
12
6
0
12
20
0
0
17
12
19
17
10
18
7
10
0
18
16
9
17
12
10
19
11
0
15
0
18
4
0
0
20
15
8
9
22
11
15
8
8
21
0
12
13
14
11
14
12
8
12
15
14
10
12
12
12
6
12
13
16
16
15
14
0
10
18
0
0
0
14
0
12
13
0
11
16
10
8
17
18
0
21
0
16
10
8
16
0
0
8
0
0
12
18
16
12
17
15
9
16
19
13
10
12
9
14
9
0
14
16
15
16
21
11
11
0
0
0
0
14
14
0
17
4
11
0
24
12
10
10
20
0
23
0
18
6
12
0
16
15
10
12
8
15
25
11
0
16
16
17
17
0
0
9
12
12
13
12
20
17
19
12
13
0
7
14
15
12
21
12
11
0
8
10
0
15
14
16
11
13
