651
663
682
687
698
758
664
705
663
669
680
728
681
685
680
711
685
732
680
641
695
710
709
709
678
722
644
660
672
668
689
773
642
704
650
650
656
693
666
671
690
697
686
666
675
713
689
684
701
722
691
694
650
719
767
699
677
659
685
681
734
682
670
671
675
690
659
683
671
700
759
681
661
676
649
694
699
672
725
659
663
679
681
685
661
768
718
698
669
642
651
655
719
676
648
691
704
654
697
738
674
677
687
665
671
683
640
685
666
644
663
758
697
668
677
670
679
692
702
691
678
687
644
669
672
702
681
679
690
677
630
686
659
691
644
666
754
704
671
689
719
647
644
688
661
681
661
654
673
669
710
661
681
696
667
718
710
730
685
668
649
683
684
665
677
687
697
674
715
699
679
667
666
754
679
668
656
700
686
709
670
665
704
693
684
745
655
664
660
678
681
668
684
679
707
659
685
714
678
668
673
709
651
664
674
663
685
677
712
778
711
689
707
707
655
677
669
687
649
707
705
655
695
677
733
674
662
688
699
689
683
680
656
632
697
717
687
686
677
693
692
703
697
673
720
705
692
691
703
673
660
694
671
675
700
666
649
673
659
672
707
692
704
670
686
682
668
676
656
665
685
686
666
696
657
698
698
678
681
667
687
704
659
781
688
654
710
670
698
663
702
668
678
672
674
693
721
688
670
789
667
648
689
700
674
707
653
656
692
636
667
688
666
685
694
657
698
688
704
677
697
661
672
678
695
696
697
694
665
699
665
665
661
678
669
675
690
667
667
708
682
711
679
661
711
724
696
704
700
667
694
686
683
694
701
725
685
692
680
676
670
693
653
699
772
710
706
660
648
644
680
660
649
671
660
754
668
666
678
672
681
672
677
678
666
684
680
657
679
698
675
662
689
682
676
674
715
669
674
696
661
700
668
658
686
659
677
663
759
662
657
678
681
678
693
663
678
661
693
682
684
649
691
696
680
734
666
657
674
673
681
683
678
700
675
701
679
665
685
681
701
683
642
676
670
737
629
693
740
688
742
694
641
702
685
653
679
675
710
692
678
694
679
691
676
694
685
671
637
687
658
645
687
675
719
718
703
705
653
685
703
679
687
692
666
685
703
654
691
734
680
716
672
671
752
745
707
723
673
629
