154
155
149
149
144
148
163
149
154
144
147
134
147
150
146
141
153
139
137
143
155
148
151
156
141
137
135
149
144
148
152
148
150
138
154
145
155
150
148
144
154
156
128
135
145
138
138
123
141
137
143
144
139
153
165
156
141
154
151
139
149
153
151
156
137
141
141
150
155
160
133
137
140
143
154
151
139
143
138
140
150
142
140
145
144
150
142
144
143
150
154
146
141
144
153
144
147
165
139
144
154
138
148
140
155
154
151
156
150
162
149
150
139
151
149
153
159
147
144
142
162
140
152
148
138
152
145
159
147
160
145
144
165
152
157
166
148
150
154
142
149
150
146
150
143
149
159
143
124
163
157
150
136
141
140
149
142
142
137
152
154
153
149
138
140
145
145
141
150
151
151
152
159
144
144
156
129
149
152
152
141
148
136
159
135
147
160
166
163
141
142
152
150
160
148
158
151
142
150
145
146
162
136
144
147
148
147
157
143
157
156
151
151
146
144
153
152
151
152
158
144
146
148
149
145
144
145
140
155
151
155
147
154
154
158
160
157
141
147
157
136
136
129
148
146
166
132
145
158
145
150
150
142
150
152
158
145
156
142
152
146
161
144
154
145
140
146
149
139
159
153
149
160
151
167
147
145
151
148
152
155
151
156
149
151
144
156
134
158
143
152
134
154
147
145
148
161
146
155
136
143
137
146
143
155
141
148
163
139
149
152
135
157
128
153
151
150
137
154
132
144
154
140
153
139
138
144
146
144
151
142
152
147
160
146
155
156
141
141
156
152
164
147
150
131
161
148
150
153
142
134
144
145
154
143
136
148
143
133
145
151
153
149
145
147
153
155
142
160
144
140
155
158
150
137
147
147
153
138
146
146
165
144
155
143
148
147
161
154
153
145
157
152
135
138
155
138
143
145
152
137
152
150
136
166
143
135
144
142
155
141
139
153
162
154
153
136
148
156
168
144
145
137
143
152
174
146
157
145
150
152
154
144
137
135
158
141
143
159
162
159
153
151
146
156
136
151
165
145
131
157
138
132
142
142
155
137
148
163
152
148
150
152
132
136
148
144
144
149
130
136
151
143
137
145
163
154
142
153
154
149
154
148
157
137
147
149
148
148
134
144
148
148
136
156
148
154
149
157
145
