913
900
875
932
885
898
872
930
903
888
886
930
897
936
998
908
910
896
916
920
924
913
877
945
893
893
905
902
915
899
892
921
895
967
914
879
893
894
915
894
899
947
897
916
911
898
912
926
909
931
897
916
918
914
942
897
907
916
933
925
909
905
879
910
924
892
905
889
923
938
916
896
915
895
886
917
906
918
916
905
913
894
908
900
907
913
924
911
919
898
917
907
922
866
877
896
898
881
921
921
907
930
914
911
903
921
899
897
926
873
895
1030
900
917
916
915
898
901
900
931
900
902
913
873
886
912
907
900
904
881
915
891
899
907
905
896
938
889
911
927
939
862
882
896
914
919
890
896
908
898
882
903
905
899
886
907
898
871
893
919
887
898
890
880
891
879
929
873
928
898
907
894
907
903
921
923
897
915
909
905
915
885
901
973
914
880
879
903
889
902
923
913
892
910
942
915
920
891
917
904
906
900
900
926
914
899
917
907
899
912
937
908
916
932
909
925
889
918
850
922
919
919
908
942
894
921
886
925
911
901
908
904
886
890
921
925
882
931
891
923
921
891
913
896
942
901
909
933
919
905
883
917
914
903
922
920
882
923
882
895
944
905
904
887
908
886
885
906
886
901
907
892
901
909
896
905
890
885
922
890
897
912
912
913
910
919
926
884
920
882
906
922
946
907
887
907
921
897
907
911
907
915
929
915
889
893
882
897
920
874
906
905
903
911
902
904
889
919
906
945
910
916
910
921
907
910
917
896
934
910
905
882
911
894
920
914
917
894
893
918
915
929
890
897
894
912
903
929
902
909
891
921
909
892
905
929
899
877
888
906
926
909
894
907
907
900
916
919
900
891
927
897
923
925
874
915
898
928
892
897
899
928
910
897
920
909
916
922
886
924
916
904
906
922
900
905
898
896
908
910
920
927
910
899
924
903
900
892
939
873
905
931
943
890
913
912
906
902
911
891
928
917
914
908
935
887
934
893
913
896
913
904
909
901
911
921
901
893
916
901
913
935
869
906
916
894
886
905
909
905
926
894
865
905
910
905
896
893
906
928
896
920
923
860
912
917
897
916
905
902
904
890
913
905
912
938
917
901
900
924
928
938
923
906
904
900
901
894
898
884
885
928
895
903
1024
901
924
914
888
897
