113
107
156
130
118
127
142
112
165
145
171
168
99
151
128
197
175
150
104
159
182
125
139
161
133
114
132
133
129
204
153
155
132
80
112
156
156
154
118
76
80
158
196
0
170
146
173
166
110
158
106
124
154
144
129
143
131
115
169
153
143
132
0
128
163
142
125
166
162
107
0
129
141
139
138
157
178
128
104
121
182
138
158
90
83
170
134
182
183
174
147
124
143
131
150
150
130
132
163
152
135
174
143
116
137
114
0
211
154
135
102
166
148
136
149
127
0
123
126
144
203
130
162
170
121
128
134
156
131
154
187
155
161
149
163
153
153
123
125
122
192
0
135
141
117
132
161
114
126
98
131
135
167
149
175
135
180
113
122
105
93
127
132
144
165
117
185
140
181
174
134
0
106
154
155
148
118
123
126
151
134
94
117
132
127
127
0
131
126
151
91
133
112
134
153
125
120
125
140
144
127
150
153
112
55
312
165
155
177
149
133
143
136
153
157
145
94
137
160
150
153
108
126
142
198
163
142
114
152
83
162
162
157
123
148
119
162
120
101
117
155
0
160
156
116
148
152
101
0
143
169
146
120
162
231
149
135
177
119
120
130
98
187
102
140
100
130
199
157
144
149
137
167
112
205
180
146
98
138
144
122
148
151
187
116
154
166
171
116
128
150
84
154
115
151
115
174
141
118
94
152
141
168
132
133
175
0
131
126
127
150
111
135
89
120
161
97
150
148
225
136
189
160
164
144
200
123
0
165
180
126
111
192
157
184
117
140
177
104
149
199
164
123
124
190
146
139
179
104
241
148
119
148
131
127
155
94
131
132
172
112
100
99
170
105
166
145
130
146
89
157
0
145
139
163
143
157
149
136
97
93
136
91
115
116
153
147
193
132
148
123
154
128
131
0
169
133
164
123
140
149
161
144
151
135
228
125
72
147
152
178
151
127
170
160
134
128
0
145
127
142
126
149
143
146
123
130
89
151
137
146
144
135
157
93
142
96
142
161
134
167
108
128
89
174
230
130
173
147
146
135
195
161
143
0
163
139
151
0
120
174
126
166
117
180
111
144
134
144
152
134
154
196
180
166
129
152
137
177
125
166
144
166
128
113
138
124
147
145
125
178
177
125
141
138
175
134
156
115
139
