20
24
23
18
15
14
25
17
23
22
11
25
0
0
20
23
22
0
11
22
21
31
24
12
24
15
15
19
21
21
0
12
19
26
22
14
24
21
18
17
24
19
17
21
0
0
19
18
20
17
15
19
17
23
20
19
18
0
24
0
16
0
26
24
17
17
25
27
17
18
18
18
20
18
18
0
18
22
19
19
21
18
16
20
25
23
22
18
19
17
21
16
18
20
22
22
23
18
23
21
0
21
16
24
0
20
0
17
16
13
24
18
15
21
19
0
23
22
21
23
24
18
18
21
23
0
22
16
19
15
19
33
24
22
23
22
21
26
19
27
0
20
18
0
13
18
23
26
28
28
19
0
17
17
19
25
21
21
15
0
19
20
18
0
21
16
16
0
20
19
21
8
29
16
19
23
18
15
20
22
21
14
22
27
14
17
22
23
33
18
27
20
24
24
0
21
22
0
20
0
22
29
14
16
16
17
16
26
13
22
24
20
23
0
19
16
26
26
24
24
16
20
17
16
20
17
22
16
17
0
25
28
19
17
21
25
22
17
16
18
18
18
20
16
15
27
26
15
18
0
23
0
7
21
19
0
20
26
15
18
20
14
18
17
18
18
13
24
13
22
22
28
18
15
24
30
15
30
15
26
17
27
20
20
14
14
22
28
23
21
15
23
22
18
12
22
18
18
19
26
16
13
23
22
28
16
17
25
27
16
22
22
25
20
20
16
18
14
18
16
13
0
13
20
18
20
17
15
20
18
0
7
25
18
22
24
16
20
0
20
21
18
16
28
18
31
16
20
21
17
15
21
16
20
0
18
17
24
21
13
17
18
25
24
14
22
24
12
22
25
21
18
27
19
14
22
21
21
19
24
21
23
14
27
22
24
27
17
22
22
23
17
30
14
19
27
22
21
17
21
20
24
22
14
21
19
21
19
21
18
0
16
22
12
21
21
19
17
20
24
16
19
25
0
19
30
16
29
19
18
15
21
18
17
23
21
24
24
18
21
23
21
23
21
22
14
18
16
22
21
26
15
11
24
19
0
0
18
20
14
17
20
20
14
23
20
13
0
13
18
18
11
14
0
22
17
17
25
21
18
24
28
0
17
17
22
19
24
16
23
19
0
21
18
18
20
0
26
22
12
