92
70
64
74
99
58
77
44
0
70
53
57
75
91
100
59
69
94
82
96
84
78
70
70
90
96
67
78
74
61
72
79
84
68
0
75
50
89
91
43
59
95
45
96
95
78
73
69
80
68
61
77
77
19
84
67
66
80
89
56
76
70
65
66
50
104
65
76
73
0
71
69
17
38
72
41
82
70
61
91
64
61
81
78
77
56
113
130
86
57
45
56
81
78
91
64
67
74
78
54
90
84
70
86
72
30
0
56
90
72
65
73
80
79
75
0
74
89
86
66
45
83
48
64
72
80
75
90
74
69
57
69
51
75
107
92
80
79
85
92
80
58
0
0
49
82
47
68
68
28
91
96
91
83
79
58
63
55
90
50
82
75
48
61
64
74
0
77
74
54
73
76
51
57
60
65
62
85
62
100
57
40
81
85
75
59
67
30
84
66
50
71
82
80
54
63
70
79
68
84
104
61
54
78
85
95
62
58
54
50
83
79
79
82
0
84
95
56
31
93
68
85
76
66
95
87
109
65
78
64
64
65
59
42
0
53
71
35
82
59
76
90
80
51
60
61
66
75
64
80
70
72
89
54
89
73
77
57
83
24
94
88
55
88
0
91
91
87
67
45
76
62
91
56
104
80
0
70
71
65
63
68
68
56
65
43
75
52
75
76
46
0
73
89
98
82
70
81
77
43
68
40
77
95
81
51
75
80
81
70
66
74
72
71
65
57
76
104
71
71
94
80
84
95
88
54
69
86
65
82
80
69
67
78
73
82
93
76
58
89
84
70
88
50
76
83
81
77
59
68
67
92
77
64
74
90
61
70
71
99
0
49
83
63
76
64
52
79
77
69
63
69
110
86
85
0
56
74
91
70
58
65
98
80
64
82
65
53
55
60
76
77
72
42
96
69
80
31
69
87
52
92
93
90
67
99
73
64
70
59
66
62
86
52
68
76
54
36
84
44
38
66
88
86
89
87
76
50
55
43
91
84
95
65
69
0
85
0
64
46
47
77
75
85
54
80
0
85
49
44
80
82
111
65
96
51
62
79
54
103
62
101
83
80
92
104
53
114
0
58
66
91
96
71
59
64
74
73
82
49
77
63
76
71
72
90
42
74
75
59
62
73
96
0
70
71
60
32
65
83
