157
158
129
167
138
133
157
145
168
145
152
140
158
146
158
171
142
127
130
151
140
155
142
149
152
142
132
135
158
155
146
147
112
143
153
144
152
142
163
124
145
148
139
150
153
139
152
125
159
160
157
159
152
165
161
156
103
172
120
135
177
172
157
122
145
163
138
148
142
166
150
162
141
143
148
143
155
155
136
152
149
165
156
143
142
142
142
130
131
150
143
155
126
145
136
147
150
148
146
166
159
137
160
152
141
138
142
144
128
166
141
122
134
136
154
132
135
160
160
137
149
146
125
153
146
167
167
136
136
129
142
130
133
150
144
163
177
153
145
135
153
152
158
150
141
158
147
135
157
142
145
168
148
157
128
142
129
146
121
144
140
147
116
151
147
155
130
117
149
149
150
137
164
144
140
145
154
149
176
132
148
150
134
151
148
156
154
138
157
152
149
136
136
138
136
156
146
159
146
128
142
147
124
147
163
162
138
135
136
136
150
141
164
130
148
152
133
182
150
137
157
158
140
145
143
147
159
136
141
149
132
149
166
129
151
144
167
139
139
151
150
125
138
163
143
136
128
138
165
133
148
149
149
162
139
149
171
136
155
141
158
162
124
123
148
174
162
152
151
139
124
156
156
130
157
155
163
144
170
167
144
166
150
149
152
146
138
134
116
154
142
142
163
120
129
155
152
149
163
151
150
161
169
157
144
155
158
151
150
135
150
151
156
136
143
142
170
121
168
140
157
146
136
143
158
145
150
156
145
139
156
150
150
143
144
154
132
139
154
152
153
138
154
147
151
150
134
135
138
152
148
140
145
136
138
142
134
142
140
103
139
135
153
158
134
139
133
130
140
162
129
130
153
138
154
146
149
159
150
157
150
150
137
128
133
148
137
150
155
131
138
150
170
136
140
143
166
156
159
160
144
164
156
150
155
155
153
159
115
130
134
147
148
152
129
150
136
151
177
152
144
150
137
132
147
137
160
169
145
139
131
141
154
159
155
149
142
157
127
132
147
134
144
123
131
137
163
168
146
117
143
141
157
155
150
150
138
172
154
139
132
138
147
147
149
157
144
137
116
152
141
165
157
148
139
148
136
153
156
158
133
157
158
138
160
142
156
147
130
133
142
154
145
134
118
164
163
149
156
122
