56
56
35
50
44
30
51
41
49
37
59
58
60
74
36
57
48
65
58
41
59
46
56
40
66
47
45
43
56
48
58
36
51
46
41
54
48
47
64
57
45
54
46
61
39
33
41
44
45
67
37
66
41
42
50
57
59
52
47
69
22
42
45
58
63
53
0
50
58
56
41
43
50
58
30
54
50
44
51
56
52
26
64
0
39
31
48
35
31
57
52
31
71
35
47
58
40
45
53
0
67
50
51
45
68
68
0
68
68
51
58
53
52
45
46
35
55
39
47
51
52
55
37
63
60
56
45
58
39
46
62
43
53
45
56
41
37
58
45
36
57
53
58
44
52
48
32
57
71
65
54
0
54
35
52
52
40
35
55
29
42
42
53
47
42
36
53
62
54
64
52
58
38
77
57
36
81
39
0
27
46
0
71
52
58
43
49
63
67
53
45
45
38
54
52
32
0
55
54
69
51
58
26
58
70
57
44
52
0
54
40
50
65
43
46
27
56
55
0
36
70
70
57
63
69
38
59
65
46
45
68
53
44
40
48
47
73
36
63
53
37
20
0
34
53
61
56
57
51
0
63
42
48
67
56
57
49
38
39
46
33
30
43
29
27
38
58
23
26
26
37
35
60
37
43
0
44
53
48
51
52
63
48
41
60
29
48
50
49
53
73
68
37
70
54
60
47
66
45
40
51
43
62
54
43
53
53
58
39
54
38
51
37
56
61
48
32
34
60
56
30
44
32
50
62
61
48
38
38
27
33
35
30
38
60
42
46
44
45
40
45
60
44
0
40
43
50
53
46
34
57
79
51
41
60
48
61
58
31
47
41
0
36
53
53
43
69
43
52
69
42
38
38
63
48
44
29
55
36
64
39
30
40
51
52
44
58
51
74
41
49
52
51
37
76
53
46
0
65
61
37
29
47
69
55
53
55
36
57
46
56
66
35
33
39
61
46
43
56
60
0
46
44
31
44
50
32
70
47
0
68
42
0
47
46
57
62
0
47
58
46
0
34
40
56
50
33
39
66
40
60
50
44
45
0
51
49
50
48
50
70
55
49
61
63
41
61
46
58
45
41
70
57
53
50
47
47
37
37
40
0
74
55
20
36
66
50
70
60
82
72
45
43
49
68
60
37
47
62
30
