567
543
549
530
564
555
552
553
546
545
573
552
543
558
563
522
528
556
543
541
555
537
541
556
566
516
564
535
549
552
541
539
532
543
544
551
536
554
579
525
560
573
554
550
570
541
528
544
535
553
540
526
546
537
526
542
538
532
533
549
555
544
531
552
551
554
564
567
545
538
560
544
528
543
534
543
555
536
541
535
540
579
538
553
552
546
524
538
562
560
562
547
581
538
561
542
545
530
568
539
562
544
583
559
552
550
534
534
531
528
560
523
532
533
561
552
529
553
559
542
574
559
539
551
565
565
549
544
532
552
562
562
546
537
538
548
551
533
545
533
539
567
555
527
550
547
548
555
561
562
555
550
529
546
548
543
537
557
537
553
576
564
553
526
536
545
535
569
561
539
540
566
536
525
527
562
568
566
550
550
548
557
548
556
537
538
544
548
549
551
552
546
531
572
534
548
544
543
536
545
559
553
534
519
540
538
545
549
531
525
548
529
528
535
558
556
544
533
534
567
560
536
535
574
556
539
543
530
554
547
541
582
559
537
535
548
541
544
555
583
529
560
547
552
571
544
544
556
553
567
542
572
529
555
520
541
540
540
542
540
541
535
555
558
546
537
532
559
551
568
553
520
541
556
532
534
549
568
542
556
540
558
551
550
548
530
543
556
550
563
552
553
560
548
580
519
526
561
558
557
534
547
554
533
544
548
523
574
519
572
528
564
543
530
539
557
551
565
527
545
537
547
539
561
543
555
527
532
561
541
520
537
537
554
552
553
540
521
551
565
547
548
530
557
552
553
535
544
567
550
524
548
543
534
554
553
576
554
562
552
547
557
544
527
547
563
548
554
555
555
523
556
534
541
543
545
531
570
551
540
549
544
520
548
582
548
552
555
560
544
558
551
531
548
585
514
559
558
549
553
542
572
533
541
562
572
552
546
538
552
537
548
531
537
550
545
558
535
560
550
544
538
567
525
526
546
536
540
555
554
540
560
528
563
536
522
556
529
557
531
547
533
558
553
555
541
533
563
566
548
581
523
557
542
551
547
534
569
567
556
560
574
551
545
555
546
553
560
529
553
538
556
548
551
559
564
557
558
525
559
550
547
527
569
561
560
561
532
545
549
524
549
533
556
564
558
570
542
559
563
