279
270
254
250
262
263
261
262
255
269
280
266
272
257
255
281
245
267
260
273
262
269
251
279
268
252
267
283
271
257
272
259
276
255
264
244
271
265
273
265
277
255
273
288
253
265
298
288
277
295
282
265
256
272
281
261
274
257
257
281
281
269
268
260
266
269
259
272
267
247
268
272
277
259
258
252
264
254
263
252
278
266
258
253
267
283
261
270
266
271
268
263
267
287
234
261
266
272
277
270
265
249
262
271
267
273
271
268
272
259
249
258
260
256
245
267
264
262
265
258
263
262
266
256
272
299
258
289
268
266
261
249
271
257
274
274
266
278
283
274
268
268
289
271
274
254
249
247
277
286
275
270
254
272
277
263
252
277
265
268
267
252
254
258
288
263
279
259
256
259
273
287
274
271
287
278
269
260
263
251
281
283
254
251
279
252
289
286
275
271
270
289
281
269
277
259
290
276
251
273
247
267
250
258
280
285
272
276
270
263
272
274
285
295
279
270
285
260
270
278
252
268
284
280
280
264
267
250
285
240
269
254
275
256
273
253
268
260
268
291
287
259
269
274
280
270
279
278
273
264
265
252
257
271
293
265
253
276
258
286
283
279
276
279
268
272
278
278
251
268
262
262
283
293
261
259
278
261
269
254
255
258
268
263
283
269
271
266
268
259
273
266
271
263
275
258
270
280
264
268
281
256
268
283
248
263
273
264
275
267
277
257
275
264
293
257
271
263
277
275
282
252
258
266
253
283
269
276
275
259
273
288
261
281
268
279
250
272
274
259
249
267
282
289
249
267
281
261
294
292
266
276
277
275
275
252
280
269
275
264
275
263
267
271
273
263
274
273
274
260
278
267
264
254
256
269
282
250
266
258
290
267
288
263
280
268
255
270
267
277
258
268
276
277
276
277
292
265
286
263
260
282
274
281
269
262
279
244
271
274
270
288
269
264
271
280
255
269
250
254
271
268
270
252
294
259
262
263
271
274
260
275
272
282
254
250
259
258
254
282
261
266
268
271
280
262
265
259
277
251
255
278
265
255
264
276
276
271
294
272
264
267
276
267
278
275
273
266
279
280
275
283
272
282
274
281
256
286
264
269
272
268
268
267
260
269
271
267
268
266
245
271
274
291
257
279
273
282
255
270
