332
322
338
354
340
343
343
349
367
343
348
345
362
351
335
318
313
330
344
312
348
318
334
332
353
325
342
361
337
338
349
340
348
324
309
340
321
342
358
328
349
350
339
318
329
347
313
339
360
367
367
314
344
339
333
363
340
332
339
318
323
347
333
348
344
351
345
330
338
331
349
335
329
340
354
340
343
361
335
339
360
352
345
371
341
341
329
334
337
343
342
344
352
340
337
345
359
324
342
354
322
350
346
348
347
314
316
340
327
320
335
325
353
351
356
311
313
344
339
317
352
349
310
339
372
367
373
336
331
356
323
355
343
327
328
343
348
333
325
334
347
346
349
321
366
358
297
345
352
337
331
355
347
344
355
365
320
334
325
351
384
359
332
337
353
333
329
350
362
330
339
343
366
313
314
344
373
365
324
331
332
336
326
332
323
341
338
349
348
333
339
329
345
357
343
367
323
326
354
355
343
329
337
344
332
295
355
333
331
329
336
332
344
333
338
356
346
314
311
359
319
353
332
354
341
331
352
315
343
339
341
346
348
345
335
335
352
330
351
338
334
369
334
334
356
345
319
343
346
369
334
348
343
346
346
328
326
336
325
340
328
309
361
359
318
351
345
357
366
340
366
351
334
330
332
341
328
357
332
339
336
361
361
336
335
350
343
336
355
363
335
345
341
346
331
318
309
349
337
322
368
327
366
335
320
354
311
335
306
347
326
352
348
323
359
342
348
350
320
302
327
331
327
361
328
348
300
331
331
371
323
336
345
366
350
321
338
326
332
360
333
328
317
340
336
341
340
336
352
339
320
368
333
337
345
337
341
334
329
334
328
351
321
352
332
347
325
329
339
347
310
333
337
358
322
310
330
339
333
314
334
337
328
338
360
342
362
359
347
318
337
335
310
364
343
314
336
349
332
356
328
348
312
331
366
350
350
341
320
344
327
346
326
334
320
352
333
311
339
343
367
348
342
346
347
380
344
335
349
352
330
308
330
320
300
363
361
324
346
329
358
293
328
336
367
328
331
372
333
332
345
341
336
355
353
357
313
352
353
356
347
329
329
347
352
338
317
348
352
332
336
317
340
346
375
353
332
345
318
368
363
344
337
364
348
347
359
331
357
338
321
330
329
330
342
351
360
349
323
346
