17
18
10
26
9
21
12
26
22
0
23
25
14
23
30
17
18
19
0
22
25
30
22
0
15
16
27
0
21
25
29
21
27
0
20
24
25
18
27
15
17
0
25
21
14
21
34
17
30
22
20
20
25
0
0
28
32
0
20
21
21
29
21
20
20
25
11
21
15
0
9
0
15
15
24
24
17
17
18
17
19
0
19
12
0
22
20
0
14
21
10
18
16
30
19
23
21
21
17
18
0
25
28
22
14
0
0
26
18
24
38
15
18
20
23
27
27
19
21
14
0
21
0
18
19
14
24
23
0
17
0
20
20
9
0
14
12
26
26
16
17
20
17
18
0
19
24
0
16
5
17
15
20
18
0
0
14
24
23
23
35
0
21
24
20
22
24
23
17
20
23
23
20
27
0
22
26
25
0
0
22
11
17
0
0
0
26
16
20
8
23
9
30
9
30
20
24
16
20
28
23
14
0
21
16
0
17
11
16
26
18
18
24
0
27
23
21
29
0
19
21
22
0
14
21
23
24
0
27
19
14
27
18
17
25
26
19
15
0
25
23
20
14
23
0
34
0
28
16
10
11
21
20
0
23
0
15
0
27
25
21
0
24
19
20
23
13
13
23
19
25
0
26
21
0
15
0
0
28
23
15
23
24
16
0
16
21
13
6
13
0
23
26
22
19
24
19
14
0
21
27
14
22
26
14
19
0
0
21
18
0
20
33
12
25
19
16
19
20
37
0
13
12
16
14
17
15
0
16
17
18
18
11
13
20
26
13
27
12
23
19
11
0
0
0
14
32
19
0
23
26
9
18
25
13
9
20
22
29
20
27
19
21
21
19
0
21
0
14
18
29
14
24
22
24
20
26
16
10
19
23
0
0
13
28
20
18
25
32
24
15
0
13
23
18
26
13
15
17
13
9
12
26
17
26
17
25
22
14
16
24
24
17
0
28
12
21
18
22
16
20
0
27
17
17
19
19
21
25
16
16
19
11
0
25
0
21
20
12
21
21
27
22
15
19
19
23
20
17
6
13
0
20
16
23
26
26
0
26
14
20
14
21
27
24
16
0
24
26
31
19
21
26
15
0
25
13
21
9
16
23
21
20
23
16
20
24
19
25
0
0
10
18
31
23
22
23
20
17
15
