101
102
95
95
94
98
106
97
98
102
85
110
102
96
88
94
97
96
99
103
97
104
108
109
92
99
100
96
94
90
98
94
104
105
107
91
92
96
103
107
110
100
95
107
103
105
95
108
102
107
94
97
100
107
101
113
103
113
100
97
96
108
110
94
99
92
95
94
88
94
100
101
104
105
96
104
102
96
107
96
110
113
104
78
96
102
114
96
115
108
98
102
91
103
113
91
86
105
88
106
93
91
106
107
83
109
106
104
113
109
97
85
104
110
90
119
105
98
114
97
104
108
92
117
102
87
90
95
102
95
105
117
107
117
107
108
102
108
99
102
88
112
86
100
90
111
95
96
86
89
92
106
106
113
108
117
106
106
105
102
89
119
81
87
103
103
97
114
89
90
103
113
84
95
104
115
98
111
94
115
89
96
94
100
87
91
96
92
95
90
110
107
111
105
105
106
96
94
92
105
108
115
108
91
101
81
105
124
101
91
97
116
91
80
115
92
91
104
103
94
105
116
97
79
96
85
101
102
97
101
96
107
103
101
106
94
90
104
97
122
108
106
101
109
100
103
114
103
102
76
111
90
102
102
103
103
109
102
87
115
108
83
96
86
95
103
95
118
105
114
102
107
98
114
113
111
122
116
115
104
108
108
97
110
89
82
103
101
91
96
100
93
102
96
96
104
94
115
109
95
91
94
109
104
95
120
118
88
103
88
105
107
103
109
116
117
112
90
106
112
79
98
111
111
99
100
118
100
104
93
110
107
121
110
104
90
113
109
85
99
113
97
106
113
105
97
105
99
116
98
92
101
107
108
98
91
110
100
88
104
103
104
102
119
103
73
117
84
84
118
91
97
102
94
101
106
96
99
95
93
93
93
95
114
95
92
110
105
103
88
97
104
93
102
104
107
127
106
118
107
103
109
110
106
121
116
92
109
87
94
84
117
92
110
96
106
105
107
89
97
103
98
102
111
119
94
101
103
113
100
103
104
101
102
99
90
99
90
92
108
112
97
111
92
107
88
107
96
85
101
108
105
100
103
101
90
107
91
103
109
100
112
117
91
114
111
95
111
109
110
94
103
85
104
111
96
112
94
104
114
88
91
93
97
83
88
105
73
94
75
117
108
98
98
107
92
107
102
104
91
