59
62
48
53
27
47
47
45
40
57
43
67
60
51
55
26
42
59
42
45
46
50
50
52
43
41
51
59
55
45
53
47
43
45
37
53
51
58
59
60
59
44
46
44
54
43
39
53
62
63
62
30
51
54
45
52
63
60
46
55
56
42
51
55
43
41
40
45
56
53
48
53
53
47
46
66
68
42
61
49
59
50
47
49
48
61
36
45
62
41
41
53
49
60
54
57
42
55
52
43
51
48
51
52
39
52
42
58
47
57
40
43
46
45
61
70
50
53
63
62
55
43
55
56
49
50
51
50
55
47
49
55
50
57
55
50
46
46
57
55
52
50
55
62
53
61
44
42
47
56
44
59
41
63
51
61
57
53
45
52
51
55
42
40
48
62
50
51
60
50
59
61
53
56
40
49
38
55
53
63
51
35
55
47
44
43
68
65
70
54
57
61
44
44
61
59
60
47
59
41
44
54
47
58
54
43
38
54
44
40
49
62
40
39
49
46
54
57
50
42
57
70
61
52
47
50
43
58
65
64
58
48
43
66
56
47
40
50
52
49
57
65
48
62
46
49
44
37
64
46
46
44
52
49
62
41
40
50
45
61
44
42
59
39
42
48
53
62
41
70
51
47
45
51
64
53
47
33
45
53
35
38
50
48
49
54
53
48
52
47
57
55
67
61
37
64
57
33
51
48
49
48
49
66
47
48
46
28
54
42
45
62
58
36
48
45
60
47
37
42
56
41
31
45
54
39
42
59
48
56
63
48
67
51
55
46
52
64
50
42
42
48
53
55
46
55
54
57
76
58
65
42
64
44
63
62
49
41
37
39
61
57
45
57
53
43
64
53
41
44
57
54
60
50
63
53
61
51
61
42
54
39
52
35
49
42
47
53
55
46
46
63
49
64
55
44
43
54
34
46
49
52
41
36
48
48
38
39
48
56
43
47
55
34
39
50
51
53
49
39
49
45
37
39
51
39
53
44
56
59
61
54
50
50
57
42
40
46
57
55
53
52
43
43
39
51
51
62
48
42
48
45
33
53
61
37
49
55
37
50
50
61
60
51
50
59
51
54
50
63
48
43
57
52
50
57
42
45
67
34
62
48
49
53
49
42
65
57
47
50
43
59
51
57
52
47
55
48
47
49
