272
267
264
244
296
266
281
266
274
261
284
279
271
271
295
279
258
271
268
275
280
299
286
293
290
278
265
267
297
246
262
271
277
291
281
287
300
260
271
256
268
258
264
287
301
276
291
279
296
298
286
289
289
286
266
289
263
292
263
243
290
288
271
263
263
273
269
276
277
300
285
280
286
273
278
264
260
257
269
285
282
283
264
271
274
274
262
269
252
297
268
281
265
291
272
263
260
281
263
281
263
276
275
283
281
256
279
282
273
293
266
282
285
253
275
271
259
266
265
246
274
269
289
283
280
268
272
269
257
246
264
276
269
260
282
270
278
287
270
275
275
293
295
268
279
272
280
263
256
263
263
259
263
275
272
289
269
289
267
269
294
279
265
279
292
282
266
250
274
299
265
265
270
272
255
244
286
269
292
254
269
254
269
283
285
266
272
275
273
251
288
271
289
286
266
289
272
278
252
288
275
266
264
274
275
296
282
303
286
275
293
270
289
287
256
272
273
273
273
268
283
290
271
279
284
253
259
256
274
271
270
282
283
271
300
283
257
261
274
274
272
283
256
282
279
251
286
290
293
273
292
277
273
270
267
264
281
280
287
277
252
265
259
269
279
297
279
257
268
284
252
281
277
271
266
265
273
251
274
268
264
294
273
286
282
295
273
288
274
275
290
295
291
261
266
258
282
258
282
281
261
260
284
282
286
270
255
278
263
266
292
271
254
281
258
286
289
282
277
256
281
278
263
283
280
270
267
274
280
271
260
278
262
298
245
266
271
281
270
281
277
263
269
277
275
278
241
264
243
277
263
277
266
289
246
255
259
262
286
274
259
254
263
275
246
260
263
263
248
287
257
290
275
283
258
279
281
291
264
269
260
291
289
253
267
272
266
275
270
263
256
294
289
280
254
268
281
293
259
282
264
294
279
293
272
281
285
296
266
249
263
240
242
282
266
286
261
288
286
296
293
276
268
269
272
265
274
275
280
290
283
255
288
275
266
242
270
265
267
279
273
263
287
262
255
288
273
280
263
271
250
294
268
273
283
285
266
295
257
276
279
279
252
267
291
258
252
269
253
257
269
276
288
269
259
269
284
262
272
277
276
278
272
301
282
268
256
279
283
276
263
273
272
261
254
254
282
267
275
270
