99
116
104
94
104
103
107
94
104
110
106
114
96
89
115
105
103
95
114
110
90
106
89
103
109
98
90
105
112
112
102
104
117
90
107
111
97
105
105
103
101
108
93
98
107
105
99
104
103
112
107
100
100
97
111
102
102
99
95
75
96
94
105
106
105
100
93
105
112
103
105
110
106
91
106
105
95
99
106
94
110
110
110
105
107
108
103
95
112
121
99
105
87
106
101
96
97
95
105
102
105
96
104
105
116
99
102
85
92
97
92
107
96
109
100
106
113
94
88
107
109
105
95
100
106
107
105
94
111
109
103
98
118
113
94
98
93
103
98
96
91
109
113
105
97
110
107
113
99
106
101
115
106
108
114
90
111
115
101
78
102
100
99
107
98
93
114
108
98
96
116
105
94
102
115
114
96
94
101
101
95
94
100
111
102
101
97
98
111
104
101
109
99
109
105
96
97
102
103
109
108
106
104
110
102
90
90
110
103
100
102
102
91
95
101
104
106
114
119
101
89
102
98
102
100
116
97
96
98
103
102
99
104
90
102
98
90
104
99
112
98
94
96
108
101
109
105
111
103
106
113
106
107
113
115
103
91
106
111
98
106
103
95
106
107
99
104
97
103
98
106
95
111
90
100
118
92
104
107
115
105
109
107
103
105
108
104
105
117
120
93
95
108
92
106
108
113
100
87
98
104
119
104
100
85
108
91
87
103
114
96
115
111
100
92
101
116
103
107
107
96
90
92
97
100
91
104
102
85
112
110
96
118
107
108
112
109
97
96
110
100
94
100
104
97
108
100
106
94
110
106
110
97
100
103
101
92
91
100
98
116
106
109
101
100
108
112
95
108
94
108
100
100
119
100
111
109
122
91
105
110
111
105
100
119
95
105
104
111
103
101
105
108
122
102
102
99
94
113
101
99
111
97
116
108
107
109
112
106
107
102
95
97
102
101
106
103
106
100
99
92
98
109
97
104
104
95
103
108
103
99
116
110
96
108
94
89
108
114
107
109
111
114
97
103
93
92
111
121
95
106
98
98
107
98
103
108
111
108
109
102
105
111
103
104
106
117
96
104
110
112
105
99
107
99
113
115
88
127
105
103
108
103
116
105
117
105
102
99
89
97
94
125
96
110
97
104
100
107
110
