23
33
31
31
14
34
28
31
20
32
23
21
23
28
43
23
28
29
27
21
21
22
20
31
34
22
26
17
29
20
18
25
30
27
26
19
20
24
24
34
28
28
20
24
27
32
30
23
26
22
24
26
26
27
17
20
20
28
25
0
31
15
25
26
34
27
25
0
27
27
29
26
26
19
30
21
32
27
30
20
27
20
28
27
19
26
27
30
31
34
31
26
0
24
28
33
24
25
26
30
23
25
27
26
28
14
23
33
22
27
25
20
32
25
29
37
27
25
0
24
0
18
25
33
16
24
19
19
18
28
0
35
25
19
8
26
38
29
22
28
24
29
28
32
26
31
32
24
27
23
22
26
26
29
32
24
21
25
21
24
34
26
23
26
29
23
27
38
0
0
33
29
24
27
26
27
31
22
36
29
22
25
24
25
28
26
22
33
28
0
23
20
23
25
27
24
35
28
27
24
31
34
24
39
25
17
26
35
29
17
20
29
32
13
0
22
30
0
35
29
21
32
26
30
23
33
0
32
29
30
38
25
26
31
29
26
30
38
26
23
38
22
26
20
31
25
32
29
32
24
27
33
29
22
29
26
20
31
30
28
35
36
35
28
23
19
24
0
23
33
27
22
30
14
29
20
26
0
26
24
24
0
38
0
31
18
36
29
26
29
26
21
30
0
19
23
32
21
19
29
30
18
23
28
0
22
14
22
27
13
29
27
23
35
17
30
20
29
29
24
30
0
36
24
22
24
35
22
23
19
32
25
27
30
22
32
29
23
24
34
20
31
30
25
32
25
30
35
28
20
32
34
28
31
22
31
25
23
28
23
26
11
31
16
30
33
29
20
33
23
27
21
18
30
27
39
22
38
24
34
23
34
18
29
20
21
29
28
0
25
18
36
21
23
29
29
22
28
30
27
25
28
0
21
23
26
0
29
25
23
19
30
21
33
18
23
23
27
24
27
21
28
28
30
15
17
33
26
32
34
23
39
31
31
22
25
33
29
23
24
28
30
26
33
31
29
35
26
38
36
29
22
25
31
20
30
20
21
27
33
30
27
26
23
38
29
23
28
31
34
22
36
0
28
16
32
31
32
34
20
13
39
19
27
30
30
33
26
31
22
25
25
31
19
21
18
26
28
26
30
