452
447
436
445
472
474
491
467
462
471
444
455
479
467
460
448
441
469
401
458
466
477
468
469
474
447
452
448
451
470
441
475
454
443
470
473
425
447
451
444
494
447
442
454
480
448
462
465
446
454
438
447
460
411
456
461
460
463
447
455
503
454
448
492
454
478
445
424
495
496
432
458
456
426
431
452
465
468
465
472
463
450
448
461
468
436
453
471
436
426
448
482
456
435
447
447
462
419
474
453
467
472
465
452
466
424
447
433
469
455
428
468
436
461
464
457
466
428
468
452
484
443
445
463
452
444
477
453
454
438
470
492
441
446
445
488
450
433
448
465
428
459
438
469
444
434
435
469
436
490
488
439
462
448
439
442
461
463
464
441
453
439
456
443
440
454
486
447
445
458
466
427
473
434
441
460
491
477
460
444
460
453
445
457
439
474
448
464
464
457
454
463
460
448
464
459
463
488
458
468
449
468
447
414
467
483
434
449
435
401
467
477
447
477
476
473
463
448
498
477
435
469
433
479
482
461
437
460
475
438
450
457
467
477
441
457
439
494
464
466
459
460
438
445
438
467
455
451
464
468
473
453
425
448
481
480
465
474
471
440
446
458
437
441
449
434
463
463
455
454
473
441
458
456
458
454
444
449
444
476
437
462
446
480
452
431
433
441
474
460
428
467
472
487
423
474
459
458
423
428
476
456
456
428
432
431
454
472
449
474
444
455
467
467
460
437
472
472
447
479
447
465
427
465
462
486
454
453
425
440
451
423
430
481
474
460
451
425
432
472
433
449
462
451
453
424
447
461
441
457
454
448
477
452
479
454
457
491
442
460
449
458
450
453
441
470
440
474
447
460
460
455
444
448
488
460
459
459
458
444
451
460
442
470
465
460
449
449
460
435
413
481
449
444
438
441
412
473
434
456
486
447
477
438
492
470
459
458
455
450
461
458
480
491
461
449
463
517
436
486
423
449
454
469
453
465
486
457
469
462
432
452
461
445
458
459
451
430
438
454
456
451
444
490
456
447
443
473
469
441
443
463
445
457
452
437
434
442
483
498
467
487
455
454
450
436
458
498
401
472
470
458
438
469
463
462
447
459
447
436
422
441
440
456
452
440
451
452
441
463
448
472
460
436
451
484
439
488
464
477
