342
336
322
344
388
338
321
343
374
361
382
353
334
301
316
335
303
356
317
358
328
322
359
315
333
342
342
334
317
327
313
317
345
333
351
343
326
344
361
357
357
347
337
338
344
322
319
344
295
352
337
333
321
341
318
329
328
328
300
344
365
357
324
328
350
328
321
337
367
345
332
311
346
351
342
323
317
330
346
387
315
345
347
343
344
338
355
369
335
349
307
322
286
299
368
333
301
328
326
326
325
339
325
288
354
328
323
339
367
355
340
360
336
349
321
352
312
350
346
322
342
335
299
296
323
358
319
352
351
343
345
361
333
377
306
307
317
324
349
347
328
327
311
351
343
386
348
351
355
329
315
352
340
361
355
343
337
297
349
332
367
344
345
361
349
350
350
297
331
348
339
313
352
324
356
321
337
348
324
356
348
364
366
326
325
347
343
320
351
339
339
351
324
317
354
308
308
358
352
330
360
335
316
345
350
349
341
329
348
338
332
331
377
364
353
329
338
337
323
329
296
333
368
326
312
361
366
330
312
320
326
339
350
329
312
347
370
335
350
328
312
347
339
370
321
373
376
337
337
342
366
332
286
332
340
327
351
342
373
317
371
334
357
301
361
311
368
346
314
321
360
367
339
325
311
319
337
321
334
334
321
314
353
351
337
329
330
372
281
370
338
333
299
338
349
366
371
319
308
332
353
345
327
343
343
341
329
326
348
374
350
360
344
335
355
348
325
303
339
365
314
337
310
385
341
332
362
351
369
353
337
322
350
305
300
344
316
335
306
339
318
336
368
331
347
356
334
344
348
313
382
322
326
304
347
340
353
319
340
382
327
334
336
349
274
325
330
337
304
320
339
334
352
343
311
314
336
343
344
347
335
333
304
329
361
331
308
380
314
340
339
357
375
337
324
324
344
357
309
306
363
355
325
360
328
337
349
353
356
320
336
361
347
346
333
347
318
351
339
338
314
352
317
346
358
301
346
340
339
336
343
353
348
364
320
301
352
347
344
358
367
352
328
342
367
326
355
362
331
343
361
324
315
319
336
352
348
364
344
363
345
361
334
343
361
342
312
341
347
340
303
361
317
332
369
345
312
340
297
346
329
375
316
343
345
331
320
352
338
353
355
307
337
333
343
342
358
324
350
347
