1251
1272
1274
1304
1250
1314
1306
1308
1211
1236
1266
1297
1278
1253
1259
1285
1277
1277
1266
1283
1287
1297
1289
1270
1272
1307
1271
1254
1204
1311
1226
1234
1271
1288
1256
1292
1292
1196
1218
1253
1261
1272
1273
1241
1289
1259
1304
1293
1323
1286
1278
1258
1270
1310
1317
1226
1288
1295
1289
1272
1310
1283
1267
1264
1274
1273
1235
1276
1295
1275
1183
1269
1286
1249
1306
1233
1292
1196
1284
1223
1251
1289
1266
1265
1242
1293
1277
1315
1253
1269
1294
1252
1288
1308
1240
1279
1283
1224
1200
1193
1257
1295
1265
1296
1216
1208
1274
1277
1292
1267
1240
1303
1187
1262
1277
1272
1304
1302
1226
1281
1286
1232
1236
1224
1205
1302
1248
1306
1282
1286
1293
1228
1270
1287
1274
1286
1283
1312
1296
1279
1262
1248
1244
1294
1252
1183
1246
1261
1257
1298
1253
1269
1289
1266
1197
1266
1289
1299
1247
1257
1217
1284
1258
1280
1246
1298
1296
1241
1235
1277
1232
1263
1247
1280
1221
1296
1263
1273
1268
1271
1291
1300
1210
1243
1259
1257
1244
1277
1177
1297
1302
1311
1261
1278
1249
1284
1220
1277
1278
1222
1228
1289
1286
1265
1305
1298
1288
1229
1298
1309
1308
1313
1241
1312
1320
1265
1265
1289
1309
1269
1301
1267
1254
1290
1296
1301
1286
1258
1254
1270
1298
1301
1292
1269
1283
1242
1265
1187
1286
1286
1280
1276
1282
1307
1262
1233
1250
1229
1285
1269
1272
1289
1298
1263
1242
1291
1285
1297
1285
1259
1298
1250
1286
1276
1306
1299
1224
1298
1289
1238
1285
1257
1294
1290
1311
1265
1251
1217
1295
1288
1247
1312
1258
1292
1218
1302
1296
1239
1280
1262
1239
1304
1208
1249
1226
1198
1290
1284
1256
1316
1297
1274
1214
1287
1222
1186
1288
1261
1270
1258
1280
1308
1294
1330
1285
1296
1273
1271
1295
1237
1294
1210
1250
1251
1266
1247
1281
1259
1263
1218
1312
1274
1272
1259
1243
1307
1268
1288
1226
1210
1301
1275
1223
1270
1268
1286
1247
1309
1254
1282
1306
1227
1295
1216
1246
1264
1274
1248
1288
1298
1299
1288
1261
1288
1287
1323
1243
1303
1193
1287
1271
1296
1306
1233
1259
1210
1281
1291
1288
1267
1263
1328
1300
1286
1291
1330
1270
1228
1306
1294
1295
1224
1244
1282
1255
1256
1197
1255
1298
1263
1273
1217
1236
1279
1282
1257
1231
1248
1336
1302
1221
1225
1214
1261
1251
1244
1290
1301
1229
1186
1220
1288
1300
1264
1273
1229
1252
1233
1301
1290
1279
1265
1263
1209
1266
1257
1281
1275
1271
1285
1293
1296
1261
1333
1305
1276
1202
1257
1288
1281
1313
1289
1281
1192
1211
1287
1298
1210
1223
1260
1221
1282
1280
1253
1227
1256
1269
1301
1287
1284
1259
1302
1217
1280
1212
1257
1242
1287
1273
1183
1302
1268
1280
1270
1250
1266
1264
1243
1258
1277
1277
1272
1283
1304
1263
1231
1297
1232
1239
1211
