1452
1392
1405
1379
1376
1413
1397
1384
1439
1424
1464
1449
1431
1445
1411
1440
1436
1351
1432
1459
1415
1410
1406
1347
1344
1429
1443
1414
1429
1365
1422
1450
1401
1395
1400
1376
1462
1448
1417
1425
1435
1437
1343
1369
1428
1406
1401
1436
1358
1452
1444
1369
1447
1400
1450
1453
1447
1433
1450
1404
1381
1409
1430
1429
1421
1428
1375
1403
1442
1386
1429
1453
1403
1437
1330
1446
1420
1452
1423
1405
1411
1442
1388
1425
1439
1453
1422
1414
1430
1441
1382
1446
1455
1394
1444
1421
1394
1445
1392
1349
1429
1465
1389
1448
1435
1423
1418
1426
1444
1448
1369
1399
1441
1407
1454
1445
1371
1411
1417
1397
1383
1394
1429
1431
1461
1403
1444
1392
1451
1431
1335
1439
1306
1453
1376
1390
1454
1401
1388
1443
1437
1330
1430
1434
1457
1435
1348
1465
1421
1432
1455
1376
1437
1350
1412
1347
1426
1374
1406
1424
1440
1410
1414
1379
1426
1425
1420
1376
1442
1360
1433
1335
1371
1400
1448
1392
1426
1443
1397
1439
1449
1452
1412
1421
1407
1407
1437
1377
1422
1352
1340
1419
1402
1441
1419
1380
1435
1458
1459
1430
1399
1468
1434
1413
1417
1449
1449
1414
1454
1375
1456
1438
1445
1446
1408
1402
1417
1452
1419
1403
1436
1431
1383
1392
1422
1443
1387
1444
1397
1408
1409
1381
1395
1407
1439
1415
1374
1388
1450
1426
1434
1420
1387
1384
1430
1449
1405
1447
1458
1375
1436
1447
1372
1418
1428
1404
1436
1428
1389
1467
1453
1427
1385
1456
1460
1451
1393
1434
1444
1379
1418
1392
1388
1472
1404
1437
1401
1443
1379
1417
1414
1427
1365
1366
1384
1391
1418
1420
1411
1419
1438
1454
1425
1352
1437
1445
1415
1410
1440
1457
1352
1435
1451
1437
1446
1414
1431
1460
1434
1448
1380
1429
1420
1377
1446
1393
1454
1438
1426
1429
1417
1434
1408
1441
1456
1417
1429
1436
1420
1441
1432
1452
1447
1400
1418
1403
1430
1398
1457
1350
1437
1379
1433
1464
1445
1422
1384
1409
1353
1399
1458
1406
1378
1444
1446
1413
1427
1426
1405
1391
1440
1413
1440
1428
1444
1389
1449
1432
1446
1448
1382
1446
1430
1379
1437
1350
1419
1437
1434
1401
1449
1446
1448
1390
1363
1453
1442
1428
1452
1333
1422
1388
1431
1439
1446
1461
1431
1414
1416
1404
1434
1383
1387
1411
1428
1407
1401
1420
1388
1429
1409
1438
1460
1450
1440
1422
1440
1407
1422
1421
1422
1408
1408
1400
1418
1388
1430
1428
1428
1445
1415
1395
1325
1420
1440
1426
1395
1411
1440
1435
1425
1439
1438
1370
1452
1369
1429
1432
1359
1449
1393
1405
1410
1430
1334
1406
1455
1418
1425
1444
1408
1466
1427
1415
1447
1395
1437
1412
1435
1339
1446
1441
1453
1415
1382
1459
1412
1460
1440
1454
1430
1368
1435
1357
1450
1398
1422
1447
1457
1437
1449
1448
1445
1444
1361
1396
1398
1452
1427
1430
