722
730
713
725
680
731
741
698
711
712
698
651
722
706
713
677
704
777
710
741
686
690
685
695
704
648
732
705
717
743
718
746
752
686
758
731
724
672
734
727
693
697
713
719
712
670
704
705
693
653
724
701
745
649
756
691
706
709
706
710
788
703
738
732
727
709
742
697
714
703
735
707
723
694
741
693
679
745
668
731
725
694
708
695
705
753
668
680
691
742
727
745
670
700
736
686
700
743
682
790
698
724
701
692
721
706
738
694
695
724
727
754
683
699
709
707
716
717
792
701
698
706
750
718
721
682
713
710
687
709
762
704
728
701
732
732
760
673
735
683
688
742
745
693
713
713
743
717
738
700
670
739
692
687
748
652
684
787
705
721
725
710
690
719
718
709
673
710
666
676
710
695
701
759
714
733
689
664
707
674
735
738
672
689
708
754
738
724
720
721
726
730
689
682
677
731
717
667
708
720
718
659
761
724
712
726
702
712
676
730
668
701
683
693
738
696
714
693
740
690
693
752
691
694
771
702
724
713
686
713
718
687
707
747
695
669
714
708
716
702
683
675
696
720
655
697
692
680
691
710
726
710
705
692
703
721
734
695
736
730
684
708
672
715
676
707
732
719
731
702
690
694
730
686
706
694
693
715
691
712
710
701
724
736
695
733
670
717
698
705
701
704
708
716
717
710
674
716
704
723
705
732
699
704
694
681
723
714
685
755
740
705
705
707
704
709
692
688
682
725
679
715
723
714
705
710
706
724
723
704
713
730
717
727
718
702
695
725
730
686
701
781
704
720
676
787
675
668
693
710
687
702
702
696
696
655
723
715
703
679
715
695
745
686
740
669
695
738
732
706
711
725
740
712
719
738
714
723
702
721
707
708
709
700
740
698
707
712
695
688
712
750
721
689
708
723
686
720
711
691
730
713
727
707
679
718
711
716
772
715
746
706
714
693
700
718
710
716
702
709
730
728
681
699
715
794
713
734
693
719
706
705
710
686
710
669
705
716
691
690
689
709
743
712
715
739
734
711
771
700
672
668
736
688
729
758
686
691
683
675
718
718
717
708
714
699
687
704
765
707
720
755
698
711
649
676
697
694
721
703
695
692
700
712
720
688
678
722
697
786
723
663
719
701
740
753
672
799
706
746
