748
750
759
757
735
728
717
745
757
737
733
748
746
742
722
750
753
739
766
756
734
729
721
755
736
741
766
757
775
727
775
732
744
745
753
726
776
726
735
731
748
781
774
777
766
730
748
726
772
790
765
761
754
797
771
761
741
720
750
718
727
741
775
760
731
727
749
762
753
743
758
732
752
743
743
745
734
727
735
748
710
770
744
769
752
770
740
749
757
741
739
735
738
775
738
760
727
792
767
753
744
755
745
740
747
772
755
739
759
750
743
746
763
760
754
742
735
761
736
742
746
745
754
760
733
765
730
747
779
767
748
735
754
757
789
747
735
767
767
757
761
717
748
718
754
773
767
741
744
759
738
755
742
733
779
779
743
729
711
782
750
750
742
776
745
762
733
759
755
759
804
739
747
743
762
748
726
727
740
769
726
742
736
780
759
744
754
762
759
763
749
747
707
757
755
765
740
716
734
724
739
746
751
747
728
745
753
758
758
781
728
759
760
741
747
734
734
753
739
744
771
732
768
763
714
736
730
765
719
730
746
766
713
726
740
762
739
711
737
740
754
759
776
742
741
752
746
771
734
758
717
755
755
752
788
754
748
743
719
766
734
755
720
771
738
757
727
759
736
731
760
764
766
731
738
746
716
764
719
761
764
739
732
788
731
769
736
778
740
765
765
736
750
733
771
729
748
756
769
737
757
749
732
739
769
772
737
733
736
733
765
753
746
746
750
770
744
708
748
763
774
760
773
740
781
740
740
745
746
769
772
762
780
723
721
724
755
739
747
746
762
735
760
768
745
751
742
741
718
741
731
758
715
751
720
728
729
731
747
764
757
757
768
732
769
725
767
726
730
723
735
729
758
768
743
751
751
738
772
750
746
724
749
744
725
744
764
730
764
742
757
721
781
784
778
758
758
749
758
742
758
749
735
757
745
761
772
781
754
751
737
754
743
732
746
755
730
748
766
739
761
762
717
739
749
722
747
750
758
743
780
760
747
745
723
763
760
810
729
723
741
729
774
741
736
752
729
729
751
714
792
740
737
753
756
762
753
796
745
751
752
715
744
748
755
760
759
747
794
783
717
728
771
740
749
748
774
754
737
762
736
740
765
766
773
730
745
755
741
747
739
743
777
750
738
719
745
756
772
736
