1327
1308
1337
1339
1326
1355
1294
1365
1348
1364
1320
1304
1348
1323
1312
1361
1327
1336
1343
1367
1372
1315
1335
1347
1327
1335
1372
1334
1328
1333
1341
1335
1344
1339
1342
1362
1349
1381
1334
1326
1327
1327
1328
1311
1335
1354
1350
1320
1324
1325
1339
1321
1347
1370
1341
1309
1355
1326
1354
1307
1376
1334
1332
1302
1324
1366
1317
1314
1363
1343
1304
1315
1338
1366
1380
1311
1346
1302
1306
1348
1324
1297
1326
1298
1347
1353
1331
1313
1361
1336
1355
1312
1316
1338
1375
1309
1352
1338
1388
1327
1363
1336
1297
1335
1365
1331
1336
1330
1318
1380
1333
1322
1339
1325
1367
1316
1311
1361
1342
1316
1361
1344
1332
1364
1321
1380
1351
1337
1371
1348
1329
1303
1336
1374
1307
1339
1326
1309
1377
1339
1331
1341
1336
1310
1317
1341
1334
1324
1324
1333
1333
1318
1324
1325
1369
1338
1324
1319
1338
1361
1322
1329
1324
1344
1333
1333
1321
1339
1342
1305
1312
1339
1373
1330
1337
1322
1350
1353
1331
1328
1322
1359
1358
1333
1315
1345
1343
1333
1314
1323
1311
1310
1313
1317
1324
1363
1299
1382
1335
1325
1352
1336
1367
1328
1338
1340
1325
1344
1347
1304
1329
1355
1314
1337
1323
1308
1344
1348
1346
1365
1321
1339
1335
1308
1373
1324
1304
1334
1329
1324
1346
1355
1353
1319
1335
1319
1323
1296
1355
1333
1342
1339
1316
1329
1337
1339
1325
1352
1324
1374
1315
1353
1340
1391
1346
1330
1345
1343
1331
1336
1293
1342
1335
1349
1307
1334
1330
1285
1347
1323
1344
1374
1315
1380
1330
1319
1325
1339
1290
1329
1338
1340
1337
1338
1338
1329
1340
1339
1328
1350
1324
1381
1299
1320
1351
1346
1305
1350
1334
1332
1338
1334
1363
1339
1338
1339
1338
1334
1332
1351
1324
1340
1336
1312
1334
1331
1328
1327
1337
1316
1376
1346
1342
1335
1319
1370
1362
1327
1370
1325
1313
1375
1325
1357
1331
1331
1327
1326
1341
1322
1369
1352
1318
1312
1356
1319
1384
1352
1340
1378
1385
1332
1382
1366
1319
1321
1347
1344
1358
1341
1349
1336
1378
1344
1363
1336
1324
1345
1344
1327
1317
1338
1307
1336
1330
1339
1323
1310
1363
1363
1326
1366
1331
1320
1346
1350
1380
1334
1330
1325
1368
1352
1338
1338
1345
1344
1334
1360
1361
1350
1340
1308
1377
1297
1356
1325
1338
1317
1343
1328
1357
1375
1336
1360
1331
1336
1320
1315
1320
1336
1311
1328
1368
1304
1348
1366
1331
1335
1297
1328
1306
1336
1351
1321
1348
1358
1363
1328
1317
1311
1351
1346
1368
1317
1334
1341
1350
1334
1357
1352
1352
1327
1325
1338
1308
1323
1316
1350
1352
1302
1317
1322
1342
1324
1367
1309
1367
1321
1340
1325
1342
1374
1317
1347
1312
1324
1296
1331
1348
1334
1320
1322
1352
1335
1327
1319
1322
1349
1377
1336
1333
1343
1375
1359
1348
1357
1325
1316
1317
1305
