1209
1210
1231
1234
1192
1196
1212
1198
1235
1224
1163
1232
1241
1239
1215
1172
1190
1168
1200
1158
1224
1128
1216
1230
1204
1211
1216
1217
1185
1204
1246
1177
1209
1214
1209
1214
1154
1180
1193
1238
1190
1238
1250
1186
1210
1197
1212
1187
1181
1200
1192
1204
1216
1232
1190
1203
1223
1206
1219
1235
1204
1140
1237
1236
1215
1175
1189
1225
1215
1132
1232
1177
1195
1198
1205
1251
1150
1216
1178
1201
1184
1201
1203
1174
1181
1224
1179
1222
1192
1165
1212
1187
1218
1176
1214
1224
1212
1226
1171
1188
1259
1221
1224
1204
1209
1221
1223
1204
1212
1237
1169
1206
1209
1213
1163
1210
1234
1203
1208
1215
1206
1186
1216
1212
1236
1213
1139
1226
1193
1219
1220
1232
1178
1243
1221
1179
1203
1183
1237
1238
1232
1216
1214
1230
1172
1205
1163
1164
1230
1220
1201
1222
1204
1182
1240
1200
1199
1162
1208
1241
1220
1232
1171
1202
1207
1218
1170
1215
1192
1208
1188
1220
1203
1198
1242
1189
1231
1180
1211
1232
1210
1220
1230
1162
1215
1179
1209
1209
1234
1254
1172
1245
1222
1191
1166
1232
1217
1204
1193
1196
1173
1224
1196
1212
1193
1173
1235
1165
1208
1208
1203
1219
1245
1230
1156
1197
1210
1203
1170
1207
1184
1187
1210
1176
1239
1181
1185
1207
1207
1223
1216
1199
1193
1192
1189
1160
1195
1222
1230
1235
1247
1236
1184
1243
1231
1210
1225
1219
1192
1139
1207
1213
1212
1184
1238
1217
1186
1240
1210
1195
1192
1189
1207
1163
1178
1211
1201
1208
1217
1237
1247
1199
1201
1211
1186
1238
1223
1249
1170
1212
1213
1217
1162
1206
1243
1205
1206
1187
1171
1218
1240
1211
1161
1215
1208
1206
1214
1240
1208
1184
1233
1265
1215
1215
1218
1206
1249
1225
1219
1232
1184
1220
1220
1211
1230
1233
1149
1215
1217
1165
1169
1165
1159
1195
1182
1188
1204
1203
1221
1183
1241
1204
1219
1209
1185
1221
1231
1234
1210
1190
1172
1238
1228
1177
1157
1204
1176
1190
1261
1236
1219
1221
1262
1231
1226
1238
1250
1239
1214
1178
1195
1235
1243
1217
1234
1228
1197
1228
1257
1144
1227
1211
1223
1153
1253
1200
1160
1208
1224
1175
1196
1173
1234
1210
1240
1224
1214
1190
1141
1245
1198
1190
1195
1179
1157
1244
1183
1224
1229
1198
1250
1216
1218
1221
1215
1225
1188
1207
1174
1214
1246
1191
1234
1196
1183
1199
1197
1230
1178
1226
1174
1201
1241
1216
1250
1194
1217
1226
1180
1217
1220
1211
1188
1175
1189
1213
1164
1215
1208
1210
1223
1213
1189
1238
1146
1208
1181
1204
1211
1215
1258
1201
1210
1223
1222
1225
1213
1170
1252
1225
1187
1240
1171
1178
1185
1211
1234
1212
1225
1232
1232
1221
1189
1200
1178
1259
1143
1171
1223
1236
1216
1197
1176
1212
1230
1188
1213
1235
1220
1183
1220
1193
1214
1210
1214
1202
1155
1216
1215
1241
