1168
1159
1168
1110
1144
1207
1119
1144
1256
1059
1080
1143
1193
1127
1118
1166
1109
1173
1187
1142
1098
1107
1122
1116
1141
1156
1141
1143
1148
1174
1083
1098
1127
1159
1129
1123
1144
1118
1070
1113
1125
1136
1141
1097
1109
1145
1125
1074
1117
1096
1175
1131
1118
1141
1106
1146
1077
1172
1042
1152
1095
1133
1220
1103
1132
1116
1203
1158
1141
1179
1170
1107
1118
1135
1109
1120
1135
1181
1156
1114
1196
1116
1139
1096
1140
1079
1112
1147
1135
1097
1137
1149
1174
1110
1181
1115
1172
1157
1208
1138
1151
1117
1104
1182
1142
1065
1172
1114
1031
1121
1147
1139
1094
1142
1149
1077
1139
1152
1164
1146
1147
1133
1150
1158
1150
1195
1175
1163
1120
1147
1149
1176
1122
1156
1097
1169
1046
1064
1098
1184
1088
1185
1108
1095
1152
1146
1167
1162
1122
1144
1124
1160
1082
1108
1065
1150
1030
1114
1132
1153
1144
1190
1156
1156
1126
1154
1127
1133
1068
1124
1071
1101
1130
1127
1110
1099
1141
1167
1078
1095
1193
1118
1140
1148
1159
1087
1169
1135
1120
1109
1142
1058
1074
1155
1132
1119
1142
1118
1098
1115
1160
1107
1143
1105
1130
1157
1116
1168
1106
1071
1097
1155
1136
1113
1169
1058
1119
1118
1131
1120
1134
1146
1111
1145
1109
1218
1187
1121
1068
1169
1090
1090
1155
1167
1088
1120
1083
1077
1132
1099
1091
1183
1128
1181
1101
1133
1134
1096
1116
1152
1120
1157
1173
1179
1116
1138
1120
1109
1132
1122
1100
1148
1133
1129
1111
1142
1152
1117
1180
1159
1182
1187
1127
1179
1132
1096
1057
1213
1138
1142
1131
1137
1161
1093
1146
1066
1077
1130
1164
1125
1110
1141
1098
1121
1135
1136
1124
1124
1213
1122
1113
1103
1106
1116
1155
1113
1154
1077
1100
1191
1115
1140
1134
1115
1088
1116
1180
1141
1120
1105
1162
1132
1142
1080
1050
1106
1170
1115
1120
1059
1143
1165
1120
1123
1097
1114
1105
1153
1135
1128
1139
1194
1145
1169
1123
1148
1097
1131
1120
1125
1171
1123
1166
1119
1113
1117
1127
1133
1137
1173
1093
1167
1180
1105
1154
1107
1108
1148
1157
1102
1038
1116
1108
1164
1090
1105
1124
1100
1144
1093
1170
1141
1113
1209
1128
1120
1151
1129
1195
1085
1156
1189
1171
1131
1190
1122
1141
1174
1125
1174
1153
1156
1129
1164
1143
1172
1129
1077
1098
1136
1064
1158
1169
1046
1112
1138
1115
1139
1164
1080
1180
1149
1067
1116
1141
1152
1175
1116
1080
1115
1201
1128
1080
1155
1202
1180
1150
1182
1147
1183
1079
1099
1115
1148
1106
995
1131
1142
1185
1143
1119
1116
1186
1122
1186
1125
1199
1169
1128
1125
1151
1108
1167
1036
1146
1058
1132
1165
1140
1137
1060
1152
1075
1127
1050
1095
1129
1084
1150
1144
1095
1123
1055
1079
1159
1141
1122
1126
1118
1096
1107
1134
1147
1172
1138
1171
1147
1152
1144
1170
