862
886
879
898
868
861
852
904
903
866
877
930
892
866
872
880
889
881
889
852
907
862
891
908
883
898
966
876
905
879
892
848
864
899
861
858
870
863
834
840
929
888
853
884
896
928
888
882
889
870
875
883
952
901
855
884
866
856
890
885
838
853
886
895
862
838
905
864
870
815
905
898
857
861
871
863
895
858
905
837
836
908
867
848
851
897
861
863
861
936
892
911
843
861
868
893
901
835
873
886
867
868
854
896
860
878
878
854
864
844
900
923
884
898
880
885
894
919
867
911
935
914
868
920
890
882
870
876
901
852
873
876
914
844
883
961
854
916
904
885
904
887
894
845
893
864
881
850
882
873
928
873
919
877
898
882
889
897
880
856
861
874
863
907
874
811
937
895
829
885
867
901
909
881
863
872
877
888
841
868
876
902
861
896
859
899
894
913
873
885
873
856
863
894
868
896
886
902
826
910
837
893
884
894
941
844
892
878
905
898
883
897
877
886
854
841
873
858
893
894
875
859
856
903
895
871
885
877
841
902
874
854
882
902
928
903
860
926
835
946
886
880
882
885
939
846
889
875
908
869
864
874
883
914
861
890
879
852
919
905
847
906
837
888
946
912
838
890
892
892
882
838
878
917
877
855
872
940
933
849
893
883
876
900
910
900
885
894
867
885
864
900
879
899
886
866
838
894
843
868
876
916
861
909
899
891
865
879
880
888
880
863
913
849
862
895
912
870
868
876
848
897
871
864
857
869
914
879
869
891
893
922
885
865
881
857
893
826
897
903
882
855
876
882
891
860
862
905
899
906
862
918
896
879
859
843
932
900
878
857
945
861
869
829
876
869
937
869
847
857
852
896
859
868
925
910
841
827
843
902
858
867
893
888
887
884
871
837
817
874
821
867
883
897
819
877
895
905
839
838
861
871
831
852
869
910
858
893
877
897
921
872
884
856
836
878
919
894
909
859
880
862
878
880
885
862
883
872
888
891
882
895
895
862
896
857
891
958
884
852
903
864
883
933
885
835
868
875
885
856
850
832
863
879
869
875
887
926
934
865
857
853
882
877
878
863
945
881
901
879
859
875
855
963
860
896
911
874
857
920
882
827
879
906
885
885
891
859
887
905
891
879
859
837
909
865
875
895
880
867
