1307
1283
1261
1276
1322
1313
1340
1318
1302
1286
1279
1293
1332
1323
1308
1303
1285
1305
1307
1251
1315
1327
1311
1265
1316
1301
1313
1328
1209
1326
1239
1294
1300
1300
1278
1296
1274
1297
1278
1271
1273
1287
1268
1294
1310
1288
1304
1303
1273
1283
1305
1312
1259
1290
1283
1284
1311
1293
1298
1261
1324
1310
1269
1295
1297
1303
1300
1330
1302
1312
1304
1309
1305
1298
1294
1305
1303
1322
1268
1267
1282
1301
1292
1265
1328
1272
1304
1309
1298
1240
1247
1308
1327
1287
1322
1313
1289
1319
1273
1322
1303
1297
1329
1326
1299
1278
1289
1287
1265
1287
1286
1333
1300
1285
1329
1313
1276
1285
1277
1310
1283
1317
1321
1210
1277
1284
1320
1303
1323
1281
1274
1307
1324
1281
1327
1313
1290
1264
1331
1306
1321
1311
1305
1308
1308
1279
1319
1320
1271
1280
1297
1291
1287
1287
1269
1264
1291
1285
1251
1296
1301
1247
1304
1253
1276
1255
1318
1309
1317
1317
1247
1270
1322
1311
1273
1284
1334
1275
1298
1304
1302
1292
1310
1252
1288
1312
1310
1290
1272
1329
1282
1307
1264
1297
1267
1298
1320
1299
1302
1298
1315
1265
1279
1275
1314
1318
1297
1286
1292
1325
1300
1268
1316
1292
1305
1286
1299
1266
1284
1254
1298
1302
1301
1322
1299
1293
1263
1255
1267
1345
1291
1276
1316
1323
1259
1317
1298
1319
1331
1327
1294
1303
1292
1328
1290
1280
1312
1269
1280
1333
1268
1280
1248
1280
1289
1314
1303
1288
1321
1323
1264
1296
1297
1273
1279
1302
1323
1299
1311
1280
1238
1315
1316
1274
1289
1288
1307
1292
1301
1295
1295
1306
1313
1306
1299
1327
1284
1309
1276
1301
1291
1304
1277
1308
1281
1334
1312
1297
1264
1280
1328
1301
1289
1302
1282
1315
1272
1322
1267
1324
1298
1263
1276
1245
1297
1296
1307
1291
1280
1311
1290
1288
1328
1241
1250
1269
1238
1286
1275
1324
1328
1269
1248
1264
1290
1319
1296
1269
1274
1306
1298
1291
1327
1240
1294
1306
1278
1278
1287
1290
1285
1285
1276
1268
1296
1238
1289
1307
1303
1261
1302
1232
1309
1313
1315
1315
1304
1315
1326
1300
1309
1300
1299
1272
1314
1269
1294
1277
1310
1292
1298
1324
1307
1293
1300
1289
1298
1292
1311
1277
1260
1262
1320
1280
1287
1309
1283
1274
1290
1309
1276
1276
1305
1293
1312
1284
1313
1291
1265
1317
1294
1328
1330
1251
1323
1325
1300
1297
1304
1335
1301
1344
1315
1297
1229
1289
1311
1305
1293
1242
1307
1271
1325
1316
1314
1305
1327
1306
1292
1292
1315
1289
1277
1317
1253
1243
1286
1306
1349
1311
1255
1269
1306
1298
1301
1274
1324
1333
1282
1290
1336
1304
1238
1325
1307
1287
1293
1283
1306
1327
1334
1280
1305
1313
1329
1312
1323
1268
1296
1317
1307
1319
1276
1336
1302
1328
1297
1295
1222
1318
1312
1309
1281
1318
1328
1238
1299
1282
1296
1307
