1139
1110
1128
1137
1151
1128
1120
1129
1148
1151
1132
1133
1120
1161
1106
1148
1136
1141
1121
1105
1131
1106
1110
1124
1145
1124
1152
1152
1147
1144
1130
1173
1146
1129
1140
1134
1106
1162
1102
1121
1147
1132
1157
1159
1085
1139
1105
1139
1131
1158
1122
1132
1107
1128
1128
1106
1139
1134
1128
1076
1114
1144
1161
1125
1200
1155
1143
1170
1152
1125
1125
1151
1113
1140
1157
1119
1135
1162
1122
1144
1119
1126
1140
1158
1130
1089
1143
1128
1097
1167
1128
1145
1144
1099
1131
1130
1127
1094
1140
1093
1142
1076
1133
1137
1153
1137
1096
1136
1168
1122
1137
1130
1139
1089
1161
1125
1110
1156
1096
1177
1154
1127
1128
1132
1139
1146
1147
1147
1162
1147
1110
1133
1157
1145
1117
1165
1100
1111
1144
1133
1119
1084
1177
1155
1132
1124
1151
1148
1121
1132
1125
1134
1142
1133
1143
1127
1112
1137
1130
1138
1182
1113
1154
1132
1149
1120
1116
1119
1102
1128
1131
1116
1138
1154
1116
1071
1123
1132
1143
1147
1145
1173
1126
1108
1135
1165
1141
1105
1152
1135
1119
1136
1136
1153
1088
1141
1150
1161
1142
1132
1141
1152
1125
1108
1122
1138
1137
1122
1108
1189
1156
1107
1170
1121
1149
1093
1134
1118
1177
1102
1137
1125
1130
1128
1147
1143
1139
1122
1119
1159
1124
1146
1138
1139
1106
1131
1143
1151
1124
1128
1110
1120
1098
1134
1155
1110
1156
1102
1127
1128
1112
1125
1099
1129
1124
1104
1093
1159
1141
1089
1148
1141
1136
1137
1156
1127
1097
1174
1131
1108
1124
1134
1120
1109
1116
1109
1099
1124
1140
1120
1142
1107
1147
1128
1111
1126
1110
1127
1145
1136
1094
1136
1113
1133
1102
1157
1142
1108
1124
1140
1063
1137
1125
1140
1123
1106
1133
1127
1140
1148
1124
1123
1112
1142
1092
1125
1141
1125
1128
1128
1148
1164
1123
1102
1139
1159
1108
1151
1128
1163
1131
1196
1075
1138
1140
1130
1119
1107
1117
1120
1130
1138
1103
1106
1132
1118
1102
1098
1133
1129
1166
1117
1117
1135
1111
1111
1124
1150
1133
1155
1123
1139
1158
1106
1107
1100
1156
1135
1147
1154
1119
1147
1151
1103
1129
1147
1107
1161
1157
1144
1146
1129
1140
1135
1124
1161
1117
1107
1135
1115
1139
1132
1146
1097
1135
1146
1136
1130
1134
1154
1122
1104
1137
1140
1128
1111
1147
1131
1096
1144
1109
1166
1133
1120
1178
1152
1149
1130
1127
1144
1114
1163
1177
1122
1130
1133
1143
1136
1134
1139
1130
1167
1095
1173
1146
1182
1124
1146
1144
1146
1135
1137
1153
1127
1153
1120
1126
1119
1117
1136
1108
1123
1151
1136
1091
1110
1157
1180
1131
1144
1134
1104
1125
1122
1129
1108
1129
1132
1142
1115
1139
1139
1147
1156
1125
1144
1129
1150
1144
1129
1134
1139
1121
1127
1122
1150
1110
1141
1137
1167
1109
1143
1138
1106
1127
1183
1120
1150
1119
1155
