1282
1340
1315
1336
1324
1340
1291
1300
1313
1323
1260
1292
1278
1291
1300
1277
1286
1255
1272
1291
1275
1291
1244
1300
1317
1280
1329
1274
1313
1299
1269
1302
1325
1308
1296
1280
1293
1281
1270
1290
1288
1295
1292
1321
1288
1324
1341
1296
1300
1304
1322
1260
1314
1301
1308
1291
1296
1332
1325
1298
1354
1333
1285
1271
1249
1269
1326
1327
1292
1297
1326
1335
1302
1277
1282
1294
1309
1295
1301
1280
1302
1317
1264
1357
1296
1288
1295
1287
1324
1285
1307
1328
1293
1301
1293
1298
1289
1277
1280
1350
1287
1311
1286
1329
1277
1271
1371
1291
1279
1300
1276
1299
1325
1292
1321
1309
1281
1296
1270
1277
1257
1281
1281
1285
1262
1293
1268
1272
1336
1290
1293
1335
1275
1287
1286
1337
1291
1319
1308
1313
1288
1293
1284
1297
1313
1286
1295
1260
1246
1313
1300
1382
1321
1317
1293
1263
1306
1303
1263
1355
1303
1308
1271
1348
1337
1312
1279
1334
1318
1285
1336
1290
1278
1298
1284
1348
1291
1301
1337
1304
1309
1385
1287
1267
1244
1334
1310
1291
1281
1292
1282
1284
1286
1256
1282
1306
1361
1258
1263
1271
1273
1310
1281
1276
1298
1297
1264
1269
1358
1286
1335
1310
1301
1351
1301
1310
1301
1304
1342
1292
1274
1269
1282
1280
1272
1319
1304
1296
1289
1288
1265
1294
1299
1325
1280
1319
1282
1298
1283
1296
1323
1321
1319
1347
1267
1284
1291
1255
1339
1351
1309
1297
1311
1288
1315
1293
1289
1289
1285
1297
1333
1353
1350
1338
1324
1303
1304
1299
1326
1320
1319
1323
1280
1306
1292
1334
1328
1320
1312
1283
1289
1305
1291
1304
1286
1323
1299
1265
1314
1290
1289
1274
1349
1267
1313
1294
1272
1281
1303
1315
1265
1288
1296
1281
1308
1264
1284
1279
1308
1318
1284
1304
1329
1316
1268
1342
1296
1292
1277
1257
1321
1302
1307
1294
1293
1274
1288
1297
1264
1323
1289
1342
1353
1305
1286
1278
1270
1285
1315
1297
1293
1272
1322
1313
1294
1274
1315
1294
1331
1332
1281
1239
1311
1285
1267
1299
1316
1287
1315
1290
1298
1357
1312
1260
1316
1292
1268
1269
1279
1308
1308
1283
1296
1292
1334
1306
1325
1341
1325
1312
1327
1362
1296
1304
1324
1280
1318
1253
1251
1301
1335
1328
1318
1313
1278
1296
1272
1360
1250
1277
1294
1324
1325
1279
1256
1280
1241
1315
1272
1272
1263
1298
1302
1320
1279
1315
1298
1267
1320
1329
1373
1290
1315
1301
1311
1280
1304
1258
1280
1316
1293
1297
1358
1303
1293
1306
1265
1327
1309
1320
1286
1338
1292
1266
1258
1301
1312
1311
1312
1333
1307
1276
1293
1309
1359
1317
1268
1357
1289
1264
1313
1280
1321
1312
1276
1313
1304
1288
1315
1296
1310
1248
1257
1267
1286
1291
1291
1273
1315
1287
1367
1319
1285
1324
1303
1286
1275
1269
1274
1297
1286
1323
1298
1270
1314
1295
1273
1284
1286
1321
