1211
1233
1206
1232
1246
1244
1238
1171
1232
1203
1239
1217
1240
1240
1243
1256
1243
1209
1183
1205
1225
1169
1217
1264
1223
1237
1245
1155
1229
1244
1179
1230
1157
1280
1218
1218
1190
1189
1217
1214
1306
1228
1257
1172
1262
1231
1187
1264
1262
1238
1211
1161
1220
1231
1229
1259
1192
1221
1209
1192
1250
1240
1265
1257
1245
1220
1248
1203
1180
1203
1234
1190
1234
1244
1158
1221
1156
1263
1166
1202
1229
1263
1206
1183
1182
1168
1252
1197
1195
1209
1228
1228
1228
1257
1234
1245
1285
1215
1274
1231
1237
1192
1273
1242
1293
1205
1183
1229
1202
1244
1161
1228
1203
1294
1246
1216
1257
1211
1241
1218
1192
1267
1202
1160
1212
1190
1240
1239
1185
1231
1178
1194
1223
1209
1237
1249
1248
1220
1242
1263
1243
1195
1218
1245
1241
1181
1171
1232
1248
1188
1233
1209
1196
1256
1239
1247
1258
1245
1211
1236
1169
1237
1223
1194
1232
1177
1238
1206
1268
1196
1228
1256
1185
1199
1243
1247
1215
1233
1238
1205
1179
1263
1242
1216
1215
1254
1224
1252
1241
1173
1196
1231
1235
1273
1255
1166
1213
1237
1180
1178
1251
1249
1263
1261
1235
1213
1279
1257
1217
1198
1196
1219
1238
1188
1237
1212
1221
1230
1195
1219
1224
1234
1201
1221
1169
1236
1171
1231
1237
1235
1238
1250
1223
1177
1227
1228
1221
1213
1194
1248
1194
1267
1216
1217
1218
1175
1219
1241
1208
1207
1260
1200
1214
1246
1241
1196
1216
1176
1263
1173
1230
1244
1164
1248
1181
1239
1179
1285
1250
1249
1217
1181
1243
1263
1236
1199
1176
1220
1196
1223
1250
1203
1167
1226
1187
1283
1282
1244
1200
1209
1267
1261
1194
1268
1229
1204
1190
1221
1173
1204
1243
1283
1258
1180
1225
1215
1183
1251
1179
1224
1212
1196
1251
1248
1192
1243
1244
1226
1199
1219
1225
1190
1210
1230
1226
1227
1273
1265
1214
1151
1251
1212
1243
1226
1283
1206
1207
1252
1245
1221
1187
1189
1232
1228
1186
1209
1193
1215
1199
1203
1247
1228
1203
1224
1222
1239
1262
1187
1259
1188
1296
1225
1205
1248
1171
1223
1185
1235
1218
1211
1230
1220
1236
1233
1262
1251
1254
1252
1178
1246
1247
1228
1246
1225
1217
1216
1241
1215
1213
1239
1203
1180
1228
1200
1202
1256
1241
1185
1213
1202
1218
1210
1181
1239
1182
1228
1173
1234
1186
1249
1305
1218
1182
1243
1268
1251
1259
1271
1245
1202
1197
1241
1227
1200
1204
1280
1225
1228
1232
1220
1253
1134
1230
1231
1216
1257
1245
1205
1230
1240
1227
1211
1178
1208
1193
1190
1230
1196
1245
1216
1245
1217
1220
1181
1175
1205
1200
1258
1239
1171
1238
1226
1243
1203
1234
1227
1192
1238
1232
1236
1185
1268
1194
1220
1256
1193
1229
1217
1160
1263
1226
1144
1180
1221
1225
1201
1223
1231
1262
1202
1258
1194
1189
1220
1232
1184
1221
1215
1227
1193
