1290
1304
1339
1326
1324
1366
1328
1332
1336
1373
1332
1318
1346
1332
1350
1342
1351
1317
1374
1328
1309
1332
1364
1325
1360
1316
1313
1349
1324
1338
1352
1347
1308
1284
1334
1325
1333
1313
1335
1328
1337
1324
1378
1317
1372
1320
1354
1322
1336
1336
1349
1348
1330
1338
1349
1316
1317
1339
1357
1364
1346
1348
1337
1329
1356
1372
1362
1326
1316
1313
1330
1327
1343
1329
1347
1296
1346
1306
1335
1332
1316
1340
1346
1341
1302
1361
1309
1318
1341
1345
1346
1339
1337
1333
1331
1315
1325
1317
1369
1327
1347
1336
1289
1348
1331
1332
1308
1318
1324
1334
1355
1333
1335
1337
1332
1338
1347
1312
1343
1349
1282
1313
1350
1365
1335
1380
1343
1335
1351
1332
1343
1368
1304
1317
1361
1331
1371
1279
1290
1342
1343
1327
1371
1315
1331
1378
1299
1356
1333
1331
1297
1301
1349
1337
1362
1346
1298
1333
1351
1332
1338
1367
1339
1338
1317
1304
1363
1304
1315
1318
1302
1341
1328
1330
1317
1354
1357
1317
1334
1337
1345
1343
1312
1334
1354
1354
1328
1321
1348
1355
1338
1325
1299
1293
1330
1304
1305
1380
1335
1376
1312
1364
1347
1326
1321
1352
1320
1306
1356
1350
1309
1332
1322
1349
1369
1337
1350
1360
1326
1330
1309
1327
1327
1332
1308
1346
1333
1353
1319
1332
1355
1338
1339
1308
1365
1316
1308
1317
1335
1335
1338
1301
1340
1318
1354
1314
1322
1350
1348
1337
1358
1336
1332
1343
1331
1306
1300
1324
1318
1342
1320
1318
1366
1330
1346
1353
1294
1335
1354
1363
1323
1315
1330
1315
1330
1336
1324
1331
1337
1359
1323
1326
1336
1351
1333
1337
1350
1354
1343
1329
1335
1378
1321
1342
1334
1332
1319
1327
1324
1332
1349
1339
1353
1347
1341
1349
1330
1337
1349
1319
1354
1323
1332
1362
1319
1333
1365
1337
1340
1314
1341
1317
1350
1351
1363
1332
1353
1342
1330
1327
1332
1360
1336
1295
1304
1341
1339
1367
1323
1323
1366
1322
1317
1354
1341
1326
1359
1361
1315
1369
1340
1363
1344
1345
1355
1335
1282
1336
1331
1301
1342
1305
1343
1338
1326
1334
1306
1381
1333
1340
1324
1327
1320
1307
1336
1308
1297
1335
1355
1345
1339
1326
1343
1316
1352
1295
1306
1332
1309
1323
1341
1334
1358
1343
1337
1301
1345
1362
1287
1377
1361
1320
1336
1316
1330
1352
1318
1313
1343
1350
1341
1336
1343
1320
1315
1308
1350
1348
1343
1343
1337
1320
1350
1326
1351
1281
1357
1332
1328
1316
1304
1356
1329
1353
1350
1339
1344
1348
1350
1328
1339
1306
1314
1357
1324
1352
1317
1321
1326
1320
1326
1338
1338
1312
1328
1332
1351
1341
1345
1313
1331
1347
1336
1344
1349
1358
1328
1358
1327
1319
1361
1314
1322
1350
1312
1291
1370
1300
1332
1367
1324
1347
1344
1312
1349
1351
1323
1331
1317
1354
1361
1333
1363
1333
1349
1334
1346
1354
1323
1336
