1399
1423
1333
1376
1339
1440
1330
1341
1333
1368
1341
1385
1349
1366
1348
1434
1390
1407
1396
1386
1374
1370
1381
1367
1431
1339
1372
1386
1335
1364
1363
1377
1409
1383
1354
1425
1423
1393
1389
1406
1390
1347
1381
1350
1403
1375
1381
1334
1344
1394
1381
1318
1320
1403
1356
1348
1317
1393
1416
1318
1356
1404
1343
1407
1360
1402
1402
1377
1342
1398
1351
1369
1357
1381
1403
1352
1375
1349
1400
1420
1375
1342
1372
1358
1403
1331
1401
1385
1350
1389
1412
1397
1359
1416
1345
1401
1378
1351
1391
1405
1381
1381
1408
1369
1321
1353
1385
1348
1391
1392
1425
1391
1402
1383
1397
1392
1315
1382
1413
1391
1365
1408
1395
1305
1389
1364
1356
1369
1408
1318
1325
1379
1377
1400
1360
1345
1383
1356
1344
1376
1332
1365
1373
1396
1420
1365
1387
1326
1348
1386
1385
1377
1379
1413
1330
1369
1335
1406
1329
1340
1364
1366
1319
1402
1386
1397
1409
1414
1390
1345
1336
1413
1412
1353
1335
1359
1413
1377
1405
1318
1347
1380
1397
1380
1376
1359
1322
1393
1404
1362
1383
1405
1354
1332
1408
1408
1388
1419
1421
1369
1394
1324
1354
1382
1406
1381
1364
1379
1372
1387
1407
1395
1399
1367
1316
1406
1388
1385
1382
1354
1379
1385
1328
1325
1377
1402
1402
1385
1386
1396
1386
1412
1358
1410
1318
1377
1321
1380
1353
1390
1393
1387
1406
1303
1414
1343
1358
1352
1364
1393
1380
1379
1404
1392
1339
1333
1366
1368
1403
1401
1324
1363
1402
1411
1406
1411
1392
1333
1345
1399
1388
1389
1329
1397
1393
1401
1351
1374
1394
1411
1429
1365
1406
1347
1336
1408
1406
1426
1418
1357
1400
1357
1380
1399
1391
1383
1398
1390
1382
1407
1412
1416
1340
1420
1324
1385
1403
1383
1338
1338
1396
1398
1352
1379
1331
1369
1387
1387
1359
1423
1342
1378
1418
1398
1393
1402
1383
1406
1384
1391
1362
1351
1397
1373
1396
1395
1326
1381
1340
1393
1345
1405
1394
1382
1361
1374
1417
1383
1316
1329
1413
1406
1346
1343
1346
1349
1346
1353
1382
1419
1411
1385
1390
1373
1362
1386
1378
1439
1379
1363
1398
1391
1372
1383
1379
1359
1356
1334
1392
1381
1398
1399
1353
1378
1420
1389
1357
1346
1348
1386
1329
1330
1331
1340
1379
1414
1333
1408
1348
1394
1381
1390
1413
1408
1353
1416
1402
1410
1364
1392
1341
1385
1338
1389
1357
1368
1332
1340
1408
1418
1388
1360
1385
1389
1391
1420
1333
1397
1377
1406
1397
1415
1409
1385
1416
1376
1354
1337
1391
1377
1377
1312
1356
1346
1391
1381
1406
1392
1349
1388
1380
1350
1385
1382
1419
1376
1330
1358
1377
1346
1421
1394
1383
1379
1325
1395
1393
1402
1384
1368
1333
1375
1376
1380
1353
1422
1339
1405
1337
1377
1379
1337
1391
1361
1358
1307
1357
1408
1378
1375
1361
1399
1307
1345
1360
1394
1400
1387
1399
1390
