1277
1322
1179
1277
1227
1245
1231
1214
1258
1226
1270
1279
1235
1227
1217
1289
1269
1255
1228
1230
1222
1257
1288
1246
1240
1280
1251
1250
1248
1232
1251
1383
1259
1237
1244
1210
1278
1267
1287
1213
1310
1268
1285
1216
1212
1205
1199
1258
1273
1236
1242
1222
1285
1260
1245
1240
1239
1308
1242
1226
1264
1261
1283
1290
1255
1236
1230
1248
1232
1236
1298
1230
1343
1278
1239
1261
1240
1265
1236
1287
1198
1350
1218
1259
1288
1239
1228
1227
1242
1372
1247
1231
1192
1271
1257
1245
1248
1228
1230
1200
1234
1251
1211
1188
1215
1231
1325
1235
1225
1262
1255
1259
1301
1243
1266
1248
1294
1261
1242
1229
1250
1237
1261
1273
1260
1229
1211
1284
1272
1224
1236
1264
1260
1210
1241
1227
1221
1240
1244
1260
1225
1319
1254
1219
1314
1200
1255
1257
1232
1242
1274
1255
1229
1309
1229
1267
1196
1205
1249
1238
1239
1234
1247
1281
1280
1252
1217
1262
1373
1308
1294
1262
1232
1256
1280
1270
1309
1231
1309
1280
1250
1208
1256
1179
1222
1243
1235
1233
1411
1219
1252
1229
1267
1213
1233
1258
1290
1230
1234
1222
1284
1233
1251
1255
1241
1265
1231
1310
1262
1277
1328
1253
1267
1248
1186
1294
1225
1262
1268
1216
1316
1237
1262
1236
1296
1239
1232
1253
1300
1277
1258
1234
1279
1240
1252
1227
1270
1298
1279
1234
1266
1209
1266
1276
1228
1242
1216
1242
1266
1304
1253
1318
1249
1277
1260
1226
1335
1271
1257
1238
1286
1233
1232
1233
1245
1281
1240
1251
1286
1249
1218
1237
1241
1354
1281
1284
1284
1231
1291
1217
1280
1283
1367
1229
1335
1248
1257
1335
1195
1272
1322
1272
1243
1225
1281
1261
1293
1252
1208
1212
1245
1205
1238
1227
1238
1257
1221
1264
1242
1208
1259
1238
1201
1302
1298
1243
1219
1228
1223
1245
1256
1270
1265
1224
1203
1213
1220
1230
1252
1226
1270
1249
1267
1288
1292
1239
1302
1228
1242
1286
1234
1247
1291
1322
1241
1248
1224
1205
1225
1241
1284
1228
1242
1319
1265
1223
1260
1304
1236
1288
1246
1239
1227
1257
1239
1254
1212
1275
1239
1250
1233
1262
1281
1329
1271
1253
1251
1244
1270
1248
1227
1276
1265
1209
1342
1218
1196
1252
1257
1237
1290
1229
1244
1239
1269
1205
1278
1211
1266
1255
1306
1230
1337
1256
1238
1310
1252
1270
1237
1275
1239
1253
1203
1172
1285
1240
1279
1217
1267
1240
1255
1212
1257
1326
1207
1289
1290
1280
1336
1240
1300
1243
1264
1258
1268
1240
1284
1223
1231
1222
1249
1270
1245
1261
1275
1211
1262
1220
1309
1212
1242
1215
1259
1256
1232
1239
1257
1224
1246
1329
1232
1244
1271
1218
1257
1231
1246
1271
1226
1279
1257
1252
1271
1237
1233
1291
1349
1269
1238
1221
1250
1318
1254
1320
1239
1314
1249
1259
1270
1225
1245
1247
1266
1282
1243
1215
1218
1221
1166
1244
