1364
1369
1321
1377
1367
1350
1364
1353
1379
1375
1402
1323
1389
1351
1362
1368
1392
1303
1363
1353
1376
1369
1378
1360
1378
1332
1325
1386
1393
1337
1380
1402
1331
1379
1398
1401
1378
1367
1359
1369
1276
1370
1390
1329
1378
1339
1388
1371
1302
1366
1357
1403
1323
1314
1362
1320
1333
1385
1369
1363
1384
1343
1394
1384
1394
1409
1338
1371
1319
1381
1388
1332
1372
1342
1393
1363
1360
1320
1378
1369
1331
1366
1346
1360
1401
1368
1374
1359
1368
1402
1374
1397
1366
1383
1384
1386
1380
1331
1336
1346
1362
1387
1333
1381
1326
1330
1332
1338
1401
1353
1413
1363
1389
1408
1371
1345
1311
1326
1358
1325
1359
1382
1335
1370
1336
1338
1347
1407
1369
1379
1359
1291
1349
1324
1383
1374
1391
1352
1367
1389
1382
1401
1390
1309
1369
1364
1339
1340
1317
1368
1388
1326
1357
1346
1338
1327
1373
1323
1362
1383
1378
1379
1350
1340
1326
1306
1381
1410
1334
1354
1385
1316
1369
1330
1322
1362
1392
1316
1325
1345
1392
1380
1389
1367
1373
1405
1350
1292
1361
1328
1354
1392
1359
1356
1368
1328
1356
1374
1386
1323
1333
1381
1342
1387
1349
1387
1383
1378
1388
1331
1341
1295
1398
1389
1366
1350
1335
1324
1378
1401
1388
1306
1295
1393
1368
1385
1376
1361
1369
1354
1389
1369
1377
1361
1335
1328
1395
1326
1373
1401
1380
1377
1373
1390
1391
1386
1394
1365
1357
1373
1368
1372
1394
1358
1295
1370
1333
1328
1386
1335
1376
1336
1367
1388
1378
1332
1341
1374
1341
1308
1401
1324
1340
1326
1349
1386
1377
1379
1378
1346
1354
1351
1312
1389
1372
1380
1383
1352
1385
1376
1356
1340
1326
1328
1385
1391
1385
1363
1378
1365
1366
1399
1385
1361
1375
1329
1372
1349
1350
1389
1416
1372
1373
1409
1366
1374
1381
1369
1377
1357
1318
1393
1344
1316
1390
1359
1329
1359
1385
1331
1356
1328
1358
1372
1393
1325
1358
1381
1323
1364
1381
1405
1310
1393
1325
1369
1390
1393
1376
1366
1367
1346
1368
1400
1325
1343
1317
1348
1382
1355
1374
1321
1398
1369
1337
1346
1334
1371
1364
1327
1374
1313
1371
1366
1352
1400
1362
1385
1296
1388
1398
1406
1361
1367
1402
1396
1345
1373
1369
1416
1368
1394
1404
1343
1303
1363
1387
1382
1395
1366
1385
1392
1313
1329
1337
1333
1336
1341
1378
1300
1347
1335
1342
1384
1385
1344
1388
1382
1397
1377
1325
1375
1393
1397
1385
1372
1373
1399
1373
1390
1350
1316
1338
1313
1347
1402
1388
1380
1361
1390
1372
1358
1409
1321
1347
1409
1364
1360
1369
1382
1373
1392
1391
1354
1396
1347
1334
1348
1379
1351
1397
1332
1357
1392
1371
1385
1385
1353
1371
1290
1396
1383
1362
1324
1333
1340
1347
1413
1358
1368
1322
1287
1381
1402
1330
1390
1375
1360
1407
1392
1372
1364
1317
1357
1325
1329
1379
1345
1341
1372
