1272
1222
1309
1316
1290
1283
1287
1254
1279
1255
1204
1269
1243
1319
1269
1245
1247
1286
1262
1252
1300
1297
1286
1287
1255
1333
1296
1313
1216
1287
1225
1245
1250
1227
1217
1248
1289
1246
1234
1248
1311
1244
1284
1276
1214
1236
1246
1278
1319
1261
1251
1218
1246
1302
1259
1270
1246
1271
1241
1278
1266
1307
1299
1279
1287
1218
1278
1267
1285
1289
1223
1257
1271
1234
1248
1293
1261
1264
1217
1276
1286
1293
1309
1317
1287
1264
1257
1224
1281
1264
1265
1279
1294
1246
1293
1296
1203
1227
1209
1300
1285
1276
1218
1299
1297
1289
1244
1274
1300
1269
1249
1273
1258
1253
1240
1292
1290
1250
1270
1318
1292
1273
1326
1289
1276
1295
1274
1261
1264
1259
1295
1225
1250
1191
1226
1220
1222
1288
1234
1262
1273
1267
1210
1275
1291
1279
1216
1273
1225
1275
1233
1295
1320
1286
1220
1276
1309
1248
1243
1312
1261
1258
1231
1305
1215
1283
1240
1229
1227
1297
1247
1230
1260
1316
1296
1197
1296
1300
1262
1280
1269
1294
1256
1265
1241
1300
1275
1232
1282
1278
1280
1325
1220
1277
1240
1280
1238
1257
1271
1220
1268
1245
1281
1284
1220
1283
1257
1250
1313
1258
1223
1245
1315
1311
1269
1274
1265
1314
1258
1265
1286
1265
1287
1258
1199
1335
1304
1291
1169
1210
1313
1368
1314
1261
1245
1305
1243
1311
1258
1284
1256
1256
1296
1229
1273
1284
1299
1303
1284
1256
1200
1282
1195
1263
1306
1262
1263
1299
1228
1302
1281
1306
1280
1225
1217
1272
1280
1279
1259
1238
1285
1309
1285
1231
1246
1226
1277
1263
1313
1290
1294
1295
1287
1286
1265
1266
1275
1234
1273
1275
1277
1296
1263
1236
1268
1185
1190
1293
1306
1263
1283
1208
1224
1263
1260
1299
1262
1248
1264
1278
1281
1270
1293
1249
1280
1303
1267
1270
1286
1282
1270
1304
1245
1211
1308
1307
1250
1286
1242
1266
1223
1251
1292
1273
1295
1238
1240
1275
1262
1250
1292
1255
1199
1303
1264
1269
1276
1188
1299
1297
1287
1296
1253
1269
1271
1239
1247
1277
1278
1276
1284
1245
1289
1295
1235
1302
1229
1247
1308
1268
1297
1256
1303
1234
1321
1261
1227
1247
1261
1290
1264
1301
1254
1255
1177
1269
1309
1242
1235
1262
1215
1247
1309
1270
1305
1261
1271
1308
1300
1257
1268
1267
1278
1211
1270
1266
1297
1262
1252
1230
1261
1273
1246
1282
1285
1286
1298
1206
1318
1271
1279
1320
1250
1229
1256
1216
1293
1200
1280
1222
1306
1307
1256
1258
1248
1302
1227
1290
1269
1267
1269
1285
1237
1270
1269
1253
1289
1286
1240
1287
1269
1318
1251
1261
1268
1264
1282
1277
1334
1297
1252
1251
1249
1238
1307
1262
1294
1243
1257
1285
1252
1251
1252
1260
1240
1271
1234
1304
1306
1281
1233
1302
1286
1225
1272
1280
1279
1289
1241
1228
1265
1256
1282
1237
1322
1247
1213
1246
1254
1240
