1284
1352
1323
1328
1344
1337
1345
1342
1327
1358
1315
1331
1324
1329
1327
1301
1314
1299
1323
1303
1323
1314
1305
1332
1344
1353
1323
1321
1318
1332
1345
1304
1379
1332
1277
1362
1307
1322
1297
1374
1305
1342
1317
1335
1343
1312
1324
1322
1329
1341
1297
1302
1342
1316
1273
1322
1382
1336
1317
1329
1315
1309
1303
1328
1360
1286
1304
1324
1353
1332
1306
1325
1254
1319
1279
1282
1318
1319
1321
1336
1335
1336
1347
1210
1287
1309
1294
1278
1379
1224
1339
1298
1302
1344
1342
1309
1338
1326
1340
1278
1319
1324
1236
1316
1358
1312
1277
1335
1306
1294
1318
1336
1328
1350
1304
1287
1292
1332
1334
1354
1336
1329
1243
1322
1286
1295
1326
1286
1360
1362
1290
1302
1248
1325
1320
1331
1329
1333
1351
1309
1271
1322
1330
1293
1340
1303
1268
1267
1245
1318
1311
1291
1295
1318
1309
1318
1337
1334
1336
1329
1315
1234
1359
1315
1237
1321
1305
1347
1301
1359
1320
1362
1307
1249
1329
1336
1220
1338
1321
1377
1340
1356
1294
1277
1328
1309
1313
1317
1341
1335
1231
1302
1331
1335
1317
1345
1308
1273
1352
1351
1362
1350
1336
1338
1296
1312
1329
1262
1326
1323
1353
1325
1343
1308
1315
1326
1266
1296
1362
1322
1296
1255
1332
1354
1346
1350
1272
1357
1335
1318
1352
1303
1317
1317
1271
1267
1274
1323
1327
1324
1314
1325
1314
1291
1316
1300
1300
1317
1333
1301
1291
1331
1329
1297
1342
1297
1330
1334
1335
1278
1340
1284
1330
1333
1285
1284
1317
1344
1324
1342
1314
1291
1265
1359
1336
1341
1262
1328
1267
1324
1335
1317
1336
1281
1316
1335
1330
1378
1339
1351
1358
1296
1295
1309
1370
1320
1322
1306
1312
1250
1330
1238
1315
1285
1352
1345
1330
1283
1342
1340
1297
1345
1247
1318
1295
1353
1321
1382
1321
1330
1319
1286
1355
1338
1323
1312
1254
1304
1317
1321
1345
1325
1318
1313
1302
1331
1341
1291
1348
1326
1287
1301
1301
1333
1324
1342
1314
1309
1353
1246
1313
1358
1354
1344
1331
1323
1321
1322
1322
1280
1318
1362
1309
1335
1367
1352
1318
1341
1354
1323
1330
1295
1330
1287
1269
1309
1325
1289
1347
1289
1276
1287
1308
1342
1300
1333
1340
1307
1299
1295
1352
1262
1328
1366
1318
1329
1331
1304
1339
1322
1311
1335
1259
1329
1279
1353
1300
1256
1298
1275
1308
1341
1346
1297
1324
1337
1317
1348
1317
1350
1265
1304
1295
1353
1319
1329
1304
1273
1277
1327
1342
1365
1335
1314
1295
1328
1297
1322
1370
1267
1344
1301
1314
1334
1335
1363
1326
1285
1323
1376
1340
1284
1312
1329
1352
1273
1284
1322
1320
1309
1259
1309
1304
1307
1318
1350
1345
1373
1300
1346
1339
1306
1348
1333
1281
1336
1253
1341
1300
1321
1267
1323
1335
1295
1289
1306
1311
1339
1274
1350
1306
1279
1275
1273
1297
1278
1259
1354
1319
1305
