1360
1372
1336
1302
1322
1337
1374
1364
1285
1333
1327
1325
1356
1354
1347
1351
1384
1330
1360
1350
1319
1361
1301
1338
1325
1346
1351
1330
1336
1329
1373
1377
1362
1319
1364
1335
1339
1375
1362
1337
1290
1364
1390
1374
1325
1374
1332
1313
1354
1365
1323
1338
1348
1301
1319
1334
1305
1332
1342
1331
1347
1380
1345
1341
1347
1337
1296
1313
1357
1373
1339
1320
1384
1345
1357
1332
1357
1376
1341
1335
1347
1327
1310
1314
1329
1329
1324
1390
1342
1341
1329
1329
1334
1331
1334
1344
1344
1333
1369
1350
1328
1349
1325
1323
1342
1335
1361
1345
1310
1346
1311
1346
1354
1327
1322
1346
1342
1347
1351
1345
1361
1365
1358
1312
1361
1359
1342
1319
1362
1335
1338
1337
1337
1309
1323
1333
1362
1325
1313
1351
1330
1349
1339
1330
1331
1361
1372
1373
1350
1371
1320
1315
1317
1338
1354
1324
1326
1340
1341
1328
1320
1383
1384
1369
1326
1342
1337
1350
1351
1349
1307
1325
1333
1361
1301
1373
1317
1327
1338
1311
1354
1307
1350
1289
1377
1330
1357
1343
1318
1314
1393
1309
1347
1303
1357
1382
1334
1347
1361
1350
1331
1350
1331
1341
1349
1338
1331
1374
1334
1371
1311
1322
1346
1364
1373
1379
1352
1376
1326
1370
1332
1329
1338
1366
1318
1333
1350
1322
1363
1324
1355
1324
1344
1366
1322
1345
1342
1322
1331
1315
1352
1360
1356
1347
1352
1311
1348
1328
1341
1368
1383
1377
1327
1354
1366
1389
1337
1373
1343
1335
1344
1345
1361
1328
1305
1314
1314
1343
1342
1339
1346
1297
1333
1348
1327
1317
1341
1335
1333
1299
1339
1382
1294
1385
1407
1362
1324
1322
1340
1317
1373
1353
1357
1347
1321
1360
1348
1354
1298
1359
1328
1316
1302
1331
1349
1319
1331
1328
1333
1329
1345
1334
1380
1328
1330
1357
1341
1335
1347
1332
1343
1334
1339
1355
1361
1314
1354
1375
1378
1306
1317
1387
1333
1327
1341
1364
1355
1347
1320
1378
1310
1337
1343
1322
1353
1332
1369
1364
1310
1331
1348
1359
1377
1321
1332
1368
1340
1331
1358
1370
1354
1339
1327
1340
1326
1328
1325
1337
1354
1344
1329
1319
1353
1338
1346
1319
1340
1335
1382
1317
1338
1312
1362
1319
1339
1354
1319
1362
1334
1326
1362
1361
1306
1367
1356
1347
1325
1323
1338
1303
1321
1318
1339
1374
1336
1355
1368
1339
1342
1314
1354
1316
1334
1338
1333
1323
1350
1344
1355
1326
1334
1332
1348
1346
1306
1362
1370
1367
1317
1326
1355
1312
1344
1335
1350
1343
1330
1330
1340
1344
1340
1341
1365
1298
1363
1354
1315
1354
1384
1357
1340
1375
1340
1329
1374
1328
1343
1353
1320
1369
1357
1335
1316
1370
1360
1370
1355
1323
1354
1364
1340
1357
1349
1376
1353
1306
1348
1328
1325
1320
1298
1353
1336
1369
1338
1325
1324
1320
1323
1358
1362
1355
1364
1338
1340
1368
1337
1311
1331
1365
