1327
1316
1294
1317
1304
1345
1311
1292
1334
1326
1340
1354
1367
1339
1288
1344
1339
1347
1362
1347
1307
1301
1337
1326
1385
1329
1327
1302
1316
1317
1328
1297
1303
1343
1313
1327
1321
1328
1314
1335
1320
1335
1341
1313
1327
1352
1332
1277
1320
1346
1314
1361
1300
1317
1332
1329
1306
1326
1328
1365
1324
1317
1351
1294
1324
1345
1346
1334
1356
1327
1309
1321
1340
1295
1343
1295
1359
1318
1347
1294
1340
1348
1320
1313
1372
1357
1324
1313
1290
1328
1328
1324
1340
1360
1335
1323
1336
1354
1326
1299
1345
1327
1330
1294
1321
1323
1368
1305
1340
1321
1344
1300
1303
1287
1353
1353
1316
1311
1320
1310
1309
1349
1330
1316
1304
1324
1390
1346
1330
1346
1323
1313
1325
1293
1328
1306
1330
1277
1286
1311
1358
1324
1350
1331
1351
1329
1336
1333
1317
1320
1324
1305
1311
1321
1323
1361
1316
1363
1317
1362
1310
1299
1312
1310
1334
1346
1328
1336
1307
1330
1359
1305
1358
1345
1312
1305
1307
1309
1323
1356
1306
1325
1308
1303
1313
1297
1325
1318
1344
1318
1289
1328
1377
1305
1365
1345
1289
1330
1336
1326
1302
1311
1318
1353
1316
1343
1307
1355
1320
1304
1311
1350
1342
1309
1331
1327
1303
1319
1309
1334
1313
1348
1303
1318
1363
1322
1290
1348
1340
1343
1362
1326
1311
1383
1293
1351
1299
1308
1332
1325
1355
1319
1316
1312
1298
1316
1315
1345
1333
1336
1350
1329
1339
1292
1337
1360
1310
1314
1319
1348
1327
1307
1293
1309
1354
1349
1321
1337
1296
1313
1289
1309
1339
1288
1369
1294
1335
1318
1308
1315
1290
1288
1297
1335
1316
1293
1336
1328
1340
1304
1304
1298
1338
1301
1301
1331
1316
1363
1323
1311
1321
1312
1338
1316
1304
1328
1332
1330
1314
1349
1300
1318
1335
1327
1316
1309
1324
1347
1292
1321
1329
1303
1355
1324
1300
1335
1356
1324
1279
1330
1349
1318
1352
1290
1293
1326
1352
1352
1297
1341
1294
1325
1301
1334
1336
1375
1322
1356
1354
1325
1304
1312
1325
1340
1313
1358
1280
1315
1337
1348
1325
1328
1343
1290
1304
1337
1300
1305
1326
1366
1332
1345
1301
1333
1333
1309
1319
1369
1327
1302
1325
1317
1332
1337
1304
1310
1282
1329
1341
1357
1320
1301
1319
1308
1281
1306
1309
1333
1282
1332
1348
1289
1298
1345
1314
1318
1323
1322
1324
1343
1317
1329
1317
1337
1305
1314
1329
1308
1273
1314
1340
1335
1342
1336
1323
1343
1284
1348
1341
1313
1320
1287
1301
1316
1308
1301
1315
1346
1355
1313
1319
1333
1315
1338
1293
1301
1395
1357
1325
1313
1328
1322
1355
1310
1345
1349
1314
1311
1313
1325
1332
1333
1368
1292
1344
1306
1370
1300
1331
1325
1352
1317
1327
1338
1314
1344
1319
1373
1313
1306
1313
1347
1326
1320
1353
1352
1298
1298
1290
1298
1348
1296
1334
1312
1335
1356
1301
1322
1313
1336
