1087
1154
1116
1142
1098
1029
1096
1130
1050
1137
1103
1141
1163
1111
1092
1155
1146
1041
1103
1034
1097
1182
1123
1142
1075
1143
1129
1128
1159
1070
1110
1060
1146
1100
1124
1050
1054
1122
1120
1067
1097
1059
1083
1071
1145
1099
1070
1065
1159
1131
1095
1094
1159
1064
1072
1148
1092
1085
1165
1080
1114
1036
1049
1076
1041
1112
1108
1104
1101
1096
1146
1169
1113
1056
1069
1134
1062
1085
1094
1098
1070
1131
1030
1149
1128
1147
1033
1123
1064
1052
1064
1085
1128
1076
1040
1104
1065
1126
1143
1116
1153
1126
1062
1108
1061
1084
1036
1068
1013
1144
1133
1118
1142
1142
1174
1121
1095
1142
1088
1096
1057
1102
1051
1132
1109
1114
1105
1138
1102
1064
1129
1116
1146
1104
1076
1086
1089
1119
1122
1109
1163
1161
1086
1134
1101
1104
1040
1113
1134
1160
1135
1075
1097
1127
1122
1094
1101
1136
1041
1073
1097
1148
1144
1129
1119
1054
1061
1122
1130
1046
1145
1096
1145
1118
1127
1138
1098
1114
1050
1055
1137
1124
1118
1120
1071
1134
1130
1144
1094
1098
1084
1140
1068
1174
1095
1051
1056
1149
1046
1120
1122
1113
1064
1149
1143
1143
1097
1068
1111
1104
1045
1056
1104
1112
1033
1072
1069
1052
1152
1112
1107
1102
1127
1135
1130
1130
1099
1101
1116
1128
1144
1115
1092
1116
1118
1138
1080
1087
1047
1148
1124
1123
1059
1052
1058
1045
1105
1075
1143
1069
1118
1096
1069
1067
1104
1101
1155
1050
1114
1063
1122
1016
1120
1080
1113
1128
1119
1144
1055
1160
1112
1026
1049
1101
1170
1081
1088
1106
1057
1066
1095
1080
1094
1135
1121
1113
1136
1125
1097
1037
1125
1078
1173
1108
1135
1115
1110
1138
1063
1090
1139
1136
1060
1141
1083
1128
1074
1138
1129
1110
1135
1120
1154
1142
1101
1143
1073
1077
1125
1120
1081
1116
1107
1071
1145
1151
1127
1129
1113
1117
1066
1057
1125
1081
1135
1119
1126
1049
1091
1128
1057
1102
1129
1121
1064
1086
1113
1129
1056
1076
1120
1155
1073
1109
1029
1125
1134
1057
1057
1094
1161
1086
1100
1147
1171
1111
1116
1036
1092
1147
1096
1115
1100
1034
1118
1059
1136
1046
1147
1132
1105
1077
1115
1087
1113
1048
1090
1107
1090
1094
1154
1031
1110
1136
1058
1057
1105
1098
1151
1101
1112
1138
1128
1106
1072
1097
1116
1134
1127
1121
1147
1118
1058
1099
1050
1135
1091
1132
1102
1103
1062
1146
1050
1124
1102
1108
1056
1145
1051
1042
1135
1095
1144
1122
1123
1078
1063
1105
1099
1118
1126
1120
1099
1062
1047
1079
1108
1116
1145
1062
1117
1043
1088
1078
1141
1037
1104
1091
1144
1047
1095
1118
1092
1101
1091
1120
1090
1061
1046
1100
1104
1122
1143
1112
1114
1099
1064
1050
1085
1155
1159
1111
1126
1126
1104
1075
1059
1090
1109
1115
1148
1071
1045
1032
1136
1053
1111
1076
1046
1091
