1010
988
1010
1000
964
1010
1025
1000
1013
1038
992
979
1017
1009
1003
973
986
972
1015
985
970
1014
978
1016
1002
1033
1053
1009
1005
998
1014
997
1004
984
1011
1010
979
988
990
1044
996
1022
1050
1019
983
1025
966
990
999
1004
986
997
997
1018
1007
1015
1019
1006
1028
1015
1008
963
1005
984
1047
985
971
1026
1007
964
997
1013
1003
1027
994
1033
995
1019
1022
979
990
994
1008
1012
997
973
1012
986
1039
1003
1000
1010
1023
987
1017
989
1023
1000
1022
988
1031
1014
992
1011
1004
1028
1021
984
1005
1003
1002
983
995
1028
975
1016
1028
995
981
1018
1020
981
996
984
1011
998
1011
1028
1041
1006
1009
1015
1009
1030
1005
990
1018
969
1012
1000
1003
993
986
1019
994
1005
1015
1005
1012
1009
1034
1018
998
994
1004
1026
989
990
996
1016
1005
980
985
972
1002
987
1016
1028
1010
987
1005
1013
1011
1004
1027
1020
1010
981
1008
1021
1025
1025
1001
989
1013
1043
1021
993
1023
992
1006
1010
1006
1006
982
1008
1020
1016
1032
1003
1029
989
1013
1023
1007
1005
995
1001
996
1018
1008
1016
975
1017
1013
1007
961
976
994
988
1020
984
1008
984
997
1019
981
1012
1017
1026
1045
1006
987
1011
987
987
997
1018
1019
1003
1035
995
1005
992
1002
998
1004
1013
1014
993
1008
1017
1014
1004
996
989
997
997
1006
996
1000
1051
991
991
1023
1000
1042
1033
1018
1014
1034
987
984
1010
1003
1027
1020
1034
990
989
1009
990
995
975
1022
1002
1027
983
1007
984
1023
996
1004
1018
1015
1014
1002
1011
985
991
1035
1004
1030
1016
1022
1008
991
1002
1011
1027
978
988
991
1012
979
1015
1011
1013
1015
967
981
984
1036
949
1001
1026
1002
1035
1017
1014
992
977
1002
1001
1009
950
1010
1019
983
974
1002
1030
981
1019
982
1026
1003
981
1020
1022
1036
1021
1018
1009
990
1006
1022
1024
1029
1039
1005
992
1036
1021
1043
1003
992
1033
1026
999
1011
1037
983
972
967
987
989
1027
1005
979
1027
985
1020
1015
1029
1012
1018
996
993
993
1030
1001
1025
1014
1005
977
995
998
1016
999
1034
1032
1000
1005
1026
1034
1013
996
1034
1018
1048
1037
1039
1011
999
1017
985
1021
1003
988
1009
991
1001
1006
1017
1019
992
995
1011
959
1006
1007
1000
1003
996
1039
989
1010
986
997
1017
1023
1013
1024
1012
1017
989
1037
1000
1030
1003
984
1013
1004
1019
994
1033
1000
1042
991
1020
1022
1017
1013
994
988
1036
994
985
1026
1004
1010
987
994
1003
1007
984
1004
1006
996
977
1004
1017
1004
986
1004
1038
997
994
1023
1020
1004
988
1002
1026
1009
978
1035
1026
996
