1396
1404
1367
1421
1402
1420
1441
1441
1435
1399
1444
1354
1435
1441
1438
1391
1393
1403
1424
1414
1398
1414
1434
1390
1418
1419
1382
1398
1388
1418
1427
1427
1422
1425
1425
1418
1389
1413
1405
1431
1369
1424
1428
1415
1422
1411
1431
1361
1423
1399
1424
1387
1434
1403
1424
1432
1388
1425
1413
1450
1444
1430
1365
1408
1447
1429
1389
1391
1429
1377
1418
1426
1426
1402
1439
1378
1436
1412
1409
1429
1459
1357
1450
1361
1432
1424
1413
1443
1417
1413
1408
1423
1387
1407
1430
1393
1414
1348
1411
1359
1412
1416
1438
1403
1403
1417
1397
1384
1416
1420
1451
1439
1414
1399
1381
1378
1417
1410
1438
1385
1432
1438
1373
1426
1412
1422
1368
1418
1435
1355
1404
1400
1442
1420
1373
1397
1398
1382
1389
1399
1416
1412
1424
1370
1389
1411
1410
1415
1441
1402
1408
1388
1414
1386
1378
1412
1426
1409
1428
1392
1425
1423
1428
1428
1421
1442
1420
1432
1381
1409
1393
1394
1357
1432
1429
1343
1408
1430
1397
1356
1370
1414
1401
1396
1399
1371
1358
1388
1425
1435
1424
1433
1380
1432
1402
1389
1399
1403
1415
1381
1382
1398
1440
1429
1431
1390
1345
1411
1387
1423
1345
1391
1381
1455
1421
1435
1454
1411
1415
1404
1404
1449
1416
1406
1429
1406
1412
1431
1402
1430
1437
1413
1375
1453
1428
1454
1424
1386
1385
1423
1423
1419
1432
1413
1432
1411
1438
1403
1409
1402
1422
1435
1397
1405
1434
1386
1411
1375
1419
1404
1428
1395
1398
1433
1385
1418
1410
1407
1437
1408
1427
1432
1377
1389
1435
1402
1389
1428
1363
1410
1423
1396
1355
1436
1416
1398
1403
1414
1427
1406
1437
1439
1416
1372
1401
1414
1407
1403
1425
1426
1422
1420
1414
1413
1417
1420
1392
1412
1383
1426
1435
1371
1426
1424
1413
1379
1404
1435
1378
1424
1366
1408
1393
1335
1432
1417
1423
1409
1432
1403
1433
1384
1372
1394
1414
1455
1442
1390
1381
1424
1399
1423
1457
1409
1408
1373
1396
1407
1383
1401
1352
1415
1463
1429
1466
1398
1452
1406
1441
1400
1401
1389
1389
1399
1405
1422
1438
1418
1405
1393
1421
1403
1398
1453
1393
1381
1383
1427
1427
1457
1440
1386
1414
1385
1400
1407
1424
1400
1416
1372
1391
1379
1432
1382
1426
1424
1393
1392
1401
1441
1439
1375
1429
1424
1421
1422
1381
1442
1431
1429
1427
1390
1412
1350
1413
1414
1441
1381
1412
1403
1423
1449
1433
1416
1370
1412
1418
1373
1349
1402
1328
1392
1367
1398
1457
1408
1372
1433
1440
1395
1410
1396
1417
1428
1415
1362
1397
1420
1439
1423
1421
1404
1423
1378
1430
1402
1438
1429
1423
1411
1403
1425
1394
1421
1427
1395
1444
1423
1384
1373
1421
1397
1393
1415
1410
1412
1451
1392
1449
1376
1389
1412
1375
1431
1429
1425
1416
1432
1412
1419
1440
1440
1445
1392
1377
1406
1386
1430
1435
1406
