1305
1363
1304
1322
1322
1328
1346
1315
1312
1331
1364
1338
1339
1335
1360
1294
1359
1374
1309
1350
1326
1360
1304
1310
1305
1304
1371
1348
1343
1317
1301
1335
1311
1342
1355
1295
1325
1374
1367
1350
1291
1308
1336
1343
1318
1350
1367
1318
1286
1377
1327
1307
1356
1308
1309
1368
1281
1293
1357
1324
1344
1331
1349
1368
1356
1344
1354
1353
1321
1302
1362
1355
1376
1340
1305
1310
1318
1347
1352
1309
1392
1399
1320
1296
1309
1325
1318
1363
1325
1337
1309
1337
1339
1280
1366
1291
1358
1324
1381
1352
1381
1355
1348
1359
1302
1347
1346
1290
1325
1317
1296
1350
1369
1313
1349
1383
1309
1334
1327
1347
1362
1307
1325
1277
1374
1348
1341
1341
1290
1381
1371
1304
1362
1357
1367
1374
1339
1348
1296
1383
1365
1357
1353
1351
1378
1344
1357
1300
1322
1359
1372
1309
1294
1355
1350
1358
1352
1355
1383
1348
1358
1303
1348
1376
1358
1399
1360
1307
1333
1398
1344
1347
1340
1333
1366
1329
1288
1338
1347
1310
1387
1365
1357
1316
1345
1314
1331
1367
1344
1377
1325
1363
1353
1376
1373
1347
1291
1305
1350
1358
1362
1340
1355
1323
1349
1336
1380
1289
1343
1340
1363
1329
1363
1344
1314
1340
1358
1305
1324
1299
1308
1351
1319
1371
1308
1367
1295
1365
1357
1291
1359
1353
1368
1341
1340
1290
1285
1299
1301
1385
1317
1325
1395
1345
1336
1322
1359
1310
1365
1348
1322
1321
1385
1283
1367
1330
1340
1336
1333
1339
1363
1342
1364
1362
1347
1319
1338
1366
1360
1295
1385
1300
1318
1371
1312
1307
1297
1310
1344
1379
1369
1333
1383
1346
1289
1312
1281
1359
1342
1371
1361
1307
1305
1388
1364
1342
1308
1304
1308
1343
1346
1377
1354
1351
1400
1297
1357
1296
1341
1343
1303
1345
1295
1306
1276
1314
1338
1334
1349
1357
1378
1337
1296
1369
1346
1308
1365
1336
1318
1373
1357
1366
1355
1315
1332
1308
1354
1387
1374
1317
1284
1381
1320
1288
1326
1359
1321
1342
1374
1316
1357
1361
1354
1345
1348
1373
1361
1316
1285
1341
1369
1364
1310
1366
1339
1353
1363
1290
1290
1339
1363
1362
1363
1297
1347
1325
1330
1384
1352
1332
1301
1357
1363
1333
1368
1335
1267
1304
1329
1299
1332
1357
1330
1314
1360
1346
1384
1335
1375
1271
1351
1337
1334
1323
1369
1356
1360
1348
1345
1367
1360
1377
1349
1312
1371
1302
1302
1310
1362
1349
1297
1352
1329
1351
1350
1341
1313
1376
1348
1335
1298
1369
1266
1327
1352
1311
1310
1353
1380
1292
1386
1363
1315
1381
1356
1342
1347
1320
1336
1345
1300
1353
1360
1334
1324
1310
1383
1318
1342
1273
1342
1363
1347
1333
1364
1340
1345
1374
1380
1361
1343
1370
1342
1321
1366
1338
1352
1351
1331
1310
1327
1277
1368
1319
1319
1305
1299
1320
1266
1358
1305
1289
1343
1324
1353
1358
1376
1322
1353
1331
