1306
1293
1296
1283
1301
1275
1261
1244
1294
1263
1284
1311
1284
1301
1264
1285
1291
1295
1254
1288
1305
1278
1311
1318
1262
1267
1252
1274
1278
1318
1278
1313
1282
1264
1317
1304
1280
1316
1315
1241
1288
1300
1319
1309
1309
1268
1307
1289
1313
1314
1275
1270
1295
1310
1261
1285
1282
1284
1315
1315
1274
1306
1296
1301
1293
1287
1300
1284
1291
1328
1284
1329
1280
1301
1256
1310
1301
1328
1236
1311
1310
1262
1292
1310
1284
1295
1290
1302
1261
1304
1290
1263
1283
1241
1285
1283
1329
1318
1268
1303
1267
1309
1320
1267
1304
1299
1290
1305
1298
1308
1301
1282
1299
1250
1313
1239
1291
1303
1311
1314
1271
1297
1323
1271
1291
1305
1275
1258
1286
1264
1287
1272
1289
1269
1284
1272
1313
1260
1294
1309
1280
1278
1263
1260
1319
1301
1283
1288
1301
1332
1274
1272
1287
1280
1260
1320
1278
1281
1306
1276
1299
1294
1293
1292
1327
1293
1283
1286
1298
1308
1290
1309
1275
1277
1270
1319
1297
1313
1251
1317
1337
1297
1285
1316
1321
1257
1300
1292
1274
1302
1284
1277
1316
1274
1288
1288
1293
1318
1322
1296
1261
1323
1289
1264
1260
1284
1302
1244
1292
1322
1303
1285
1302
1295
1305
1275
1317
1260
1296
1268
1283
1314
1273
1263
1281
1292
1302
1284
1294
1283
1280
1308
1306
1281
1273
1306
1303
1299
1304
1294
1318
1296
1271
1279
1310
1304
1269
1284
1297
1272
1266
1293
1285
1293
1262
1277
1309
1289
1300
1268
1289
1312
1330
1317
1328
1301
1333
1276
1309
1295
1287
1314
1266
1336
1281
1282
1333
1321
1317
1295
1265
1300
1295
1306
1281
1271
1279
1297
1239
1293
1311
1277
1299
1291
1295
1306
1263
1276
1283
1310
1286
1273
1299
1297
1306
1321
1299
1339
1289
1279
1302
1286
1298
1287
1335
1291
1296
1297
1255
1263
1295
1324
1290
1301
1305
1293
1301
1299
1291
1292
1290
1293
1260
1291
1273
1275
1278
1274
1309
1290
1306
1296
1264
1308
1301
1306
1294
1291
1312
1286
1292
1266
1295
1291
1274
1265
1318
1302
1276
1322
1300
1299
1278
1299
1295
1283
1278
1333
1275
1286
1335
1300
1310
1264
1264
1269
1273
1291
1306
1280
1295
1280
1287
1311
1295
1248
1283
1270
1283
1317
1301
1284
1285
1281
1309
1278
1281
1275
1291
1296
1300
1306
1307
1278
1282
1305
1300
1285
1285
1297
1290
1273
1330
1248
1294
1340
1295
1291
1314
1308
1309
1278
1288
1305
1297
1302
1269
1276
1299
1278
1258
1263
1290
1281
1286
1284
1303
1308
1289
1271
1291
1269
1283
1273
1279
1281
1289
1279
1298
1307
1260
1316
1298
1267
1278
1308
1277
1299
1300
1322
1301
1310
1289
1276
1277
1290
1289
1282
1294
1283
1272
1296
1278
1309
1302
1279
1280
1301
1316
1254
1229
1292
1316
1300
1291
1289
1289
1277
1312
1299
1299
1290
1280
1315
1286
1319
1304
1297
1310
1317
