1350
1383
1390
1436
1417
1373
1360
1415
1406
1407
1437
1380
1404
1414
1343
1399
1403
1426
1420
1401
1382
1368
1380
1329
1368
1405
1401
1368
1412
1395
1412
1327
1399
1401
1409
1367
1354
1409
1430
1402
1387
1401
1404
1348
1395
1418
1358
1414
1366
1396
1350
1422
1404
1359
1428
1404
1398
1422
1422
1446
1398
1420
1432
1363
1411
1404
1335
1366
1333
1381
1374
1401
1405
1411
1375
1413
1408
1397
1414
1445
1355
1390
1432
1401
1419
1387
1404
1422
1386
1394
1388
1399
1384
1405
1415
1405
1350
1413
1396
1427
1405
1388
1413
1411
1410
1418
1368
1416
1431
1409
1355
1375
1357
1394
1395
1355
1370
1396
1443
1406
1443
1423
1367
1354
1447
1403
1365
1365
1345
1371
1388
1348
1349
1423
1384
1359
1377
1418
1373
1428
1358
1355
1379
1434
1405
1425
1419
1408
1405
1408
1356
1431
1424
1356
1401
1360
1373
1362
1413
1419
1419
1341
1356
1350
1412
1413
1402
1419
1466
1406
1389
1400
1406
1391
1364
1353
1336
1384
1325
1392
1334
1420
1426
1438
1340
1327
1382
1357
1394
1389
1429
1418
1386
1347
1401
1366
1363
1369
1427
1403
1362
1364
1431
1363
1413
1351
1352
1388
1412
1428
1392
1422
1401
1340
1391
1410
1340
1458
1374
1377
1347
1377
1421
1358
1406
1408
1427
1424
1337
1432
1385
1388
1391
1399
1328
1401
1408
1389
1392
1422
1362
1350
1414
1353
1426
1377
1357
1389
1392
1411
1395
1337
1367
1436
1417
1386
1400
1400
1361
1421
1406
1396
1434
1382
1348
1436
1399
1450
1358
1338
1363
1422
1403
1371
1343
1336
1356
1365
1404
1404
1393
1449
1401
1434
1420
1361
1405
1403
1344
1347
1429
1360
1387
1387
1417
1385
1394
1414
1350
1409
1396
1369
1364
1345
1378
1428
1405
1417
1348
1372
1408
1421
1360
1385
1433
1385
1346
1419
1406
1428
1425
1420
1352
1402
1379
1385
1366
1411
1359
1414
1389
1399
1348
1362
1408
1399
1367
1366
1367
1405
1409
1398
1324
1345
1398
1387
1386
1379
1402
1423
1386
1410
1359
1348
1420
1373
1412
1421
1315
1365
1394
1398
1339
1342
1367
1359
1339
1430
1382
1357
1369
1373
1392
1423
1417
1378
1395
1396
1418
1407
1404
1381
1410
1343
1399
1401
1380
1341
1399
1409
1376
1420
1359
1396
1400
1396
1436
1360
1346
1342
1416
1416
1425
1389
1349
1392
1379
1370
1332
1384
1441
1323
1426
1389
1430
1402
1400
1365
1370
1405
1401
1398
1345
1352
1337
1348
1388
1383
1357
1397
1416
1419
1412
1373
1406
1359
1334
1402
1354
1382
1430
1395
1423
1390
1328
1376
1385
1407
1359
1408
1410
1405
1419
1399
1403
1402
1434
1421
1360
1345
1405
1424
1331
1363
1378
1332
1438
1395
1402
1411
1343
1335
1434
1368
1410
1331
1368
1418
1400
1441
1353
1392
1437
1402
1343
1402
1344
1353
1391
1349
1329
1391
1362
1377
1364
1414
1418
1374
1392
1330
