1344
1311
1328
1348
1335
1310
1281
1309
1285
1289
1353
1288
1297
1258
1303
1350
1308
1346
1254
1325
1300
1302
1349
1330
1312
1343
1322
1354
1352
1295
1294
1329
1333
1288
1325
1345
1323
1292
1280
1351
1328
1335
1370
1301
1266
1319
1338
1290
1311
1338
1328
1296
1302
1315
1262
1343
1309
1291
1320
1343
1328
1325
1290
1317
1356
1316
1317
1292
1337
1271
1331
1340
1315
1325
1276
1332
1315
1328
1313
1268
1318
1354
1375
1272
1308
1351
1299
1295
1304
1285
1278
1335
1316
1319
1293
1284
1340
1350
1240
1318
1345
1322
1327
1384
1302
1246
1297
1319
1312
1282
1327
1284
1287
1329
1369
1364
1269
1286
1300
1292
1312
1288
1335
1271
1262
1303
1310
1336
1345
1346
1324
1312
1312
1314
1277
1329
1275
1336
1282
1330
1289
1277
1308
1334
1313
1250
1283
1283
1320
1301
1286
1344
1332
1250
1313
1276
1326
1268
1249
1355
1310
1279
1330
1344
1318
1285
1320
1351
1316
1360
1265
1325
1328
1353
1311
1314
1270
1311
1338
1323
1324
1351
1270
1296
1298
1324
1300
1347
1292
1272
1338
1333
1274
1336
1323
1289
1259
1259
1347
1357
1315
1331
1274
1318
1281
1317
1345
1305
1285
1326
1283
1323
1303
1356
1332
1275
1317
1342
1295
1310
1319
1342
1352
1260
1265
1328
1355
1280
1313
1275
1301
1310
1307
1292
1350
1320
1299
1292
1308
1281
1306
1348
1305
1325
1318
1360
1240
1335
1323
1281
1342
1333
1347
1342
1290
1262
1331
1317
1342
1318
1327
1348
1302
1332
1312
1300
1271
1355
1317
1267
1315
1336
1238
1343
1329
1326
1326
1318
1325
1299
1262
1363
1293
1376
1261
1335
1282
1312
1323
1339
1291
1323
1325
1293
1275
1277
1367
1285
1298
1339
1274
1344
1324
1349
1305
1294
1327
1332
1298
1326
1349
1308
1347
1339
1321
1357
1336
1308
1311
1307
1312
1341
1344
1355
1306
1274
1278
1306
1299
1352
1340
1315
1279
1286
1273
1339
1281
1249
1348
1291
1266
1324
1306
1305
1344
1334
1266
1255
1329
1350
1277
1310
1358
1299
1294
1290
1339
1339
1351
1315
1304
1308
1334
1284
1314
1288
1273
1310
1285
1314
1348
1292
1331
1280
1346
1323
1331
1300
1328
1329
1271
1338
1330
1330
1291
1262
1253
1281
1342
1289
1306
1287
1341
1351
1342
1379
1319
1323
1334
1351
1332
1259
1363
1321
1359
1321
1286
1244
1343
1322
1338
1307
1278
1288
1269
1317
1310
1340
1307
1335
1351
1372
1308
1318
1349
1331
1339
1339
1259
1318
1328
1352
1341
1308
1316
1312
1333
1284
1281
1324
1362
1301
1331
1337
1322
1319
1306
1328
1303
1299
1355
1356
1352
1271
1281
1271
1337
1297
1346
1322
1312
1278
1321
1301
1312
1334
1322
1327
1323
1316
1275
1327
1332
1268
1325
1329
1336
1358
1298
1353
1257
1361
1243
1292
1295
1285
1361
1317
1294
1288
1302
1303
1302
1295
1314
1290
1320
1279
1308
1331
