1230
1216
1216
1200
1215
1215
1215
1210
1222
1192
1163
1174
1199
1198
1187
1136
1172
1198
1246
1141
1194
1191
1209
1152
1217
1278
1200
1180
1222
1166
1175
1180
1218
1254
1219
1171
1180
1205
1249
1277
1263
1181
1127
1376
1159
1181
1144
1187
1225
1216
1237
1215
1203
1236
1178
1180
1227
1248
1205
1182
1200
1184
1353
1216
1188
1220
1240
1208
1171
1215
1332
1206
1186
1214
1190
1206
1156
1232
1243
1186
1174
1167
1150
1211
1236
1176
1167
1155
1135
1166
1169
1215
1216
1222
1201
1174
1199
1254
1195
1176
1204
1194
1195
1236
1238
1214
1357
1125
1199
1184
1272
1180
1153
1207
1218
1220
1380
1230
1219
1176
1153
1225
1157
1200
1180
1256
1179
1181
1230
1179
1186
1184
1180
1224
1162
1179
1198
1229
1227
1208
1159
1366
1223
1235
1240
1218
1204
1248
1194
1282
1203
1206
1188
1175
1166
1175
1158
1236
1227
1201
1225
1210
1221
1163
1154
1224
1187
1172
1186
1188
1202
1391
1252
1189
1197
1195
1195
1247
1236
1203
1178
1266
1234
1197
1203
1264
1386
1252
1228
1175
1253
1209
1224
1194
1189
1226
1196
1177
1165
1171
1202
1180
1202
1195
1295
1083
1181
1196
1177
1181
1231
1230
1197
1186
1191
1199
1206
1205
1193
1156
1175
1224
1223
1181
1155
1172
1195
1228
1214
1287
1177
1168
1228
1212
1202
1217
1186
1242
1248
1247
1164
1332
1206
1182
1207
1196
1192
1225
1349
1176
1162
1222
1226
1175
1107
1165
1207
1183
1180
1194
1226
1258
1137
1239
1178
1229
1226
1136
1193
1186
1206
1196
1202
1221
1153
1190
1159
1254
1174
1168
1199
1230
1165
1169
1231
1189
1188
1204
1218
1192
1189
1256
1200
1214
1202
1201
1211
1185
1239
1265
1185
1203
1216
1218
1216
1164
1328
1185
1190
1212
1192
1253
1174
1255
1197
1205
1241
1214
1186
1121
1163
1195
1173
1146
1208
1141
1218
1332
1218
1149
1196
1243
1162
1171
1169
1200
1207
1182
1262
1231
1128
1189
1224
1235
1150
1216
1240
1166
1262
1143
1214
1213
1210
1249
1235
1174
1264
1194
1183
1155
1229
1216
1256
1180
1228
1183
1177
1232
1191
1238
1223
1345
1178
1176
1173
1213
1148
1179
1204
1254
1257
1226
1246
1212
1215
1215
1204
1169
1217
1224
1247
1207
1181
1213
1311
1176
1193
1162
1194
1191
1210
1212
1194
1221
1180
1126
1202
1258
1192
1182
1218
1163
1235
1203
1199
1221
1238
1361
1202
1187
1222
1225
1200
1166
1209
1227
1251
1264
1175
1186
1192
1195
1221
1161
1264
1165
1279
1237
1172
1205
1180
1220
1206
1257
1155
1129
1219
1158
1222
1177
1216
1166
1151
1180
1363
1192
1178
1220
1340
1211
1163
1196
1175
1217
1142
1189
1195
1212
1188
1197
1212
1179
1165
1192
1171
1221
1182
1201
1163
1248
1189
1175
1173
1167
1223
1234
1207
1216
1231
1226
1143
1152
1210
1204
1226
1177
1208
1186
1201
1201
