958
1006
1003
1003
971
1034
962
977
1010
969
996
1014
1029
996
987
982
968
1020
1006
1025
967
971
943
988
964
1018
1009
956
1030
948
979
981
1012
992
983
985
998
992
1001
945
1019
967
990
969
977
974
965
977
1015
972
970
981
995
1037
992
1038
976
987
986
985
1020
966
1001
1022
993
977
974
1004
1008
1018
974
983
1041
1018
1005
999
951
933
973
999
972
981
972
983
996
1036
992
964
997
987
958
984
978
991
977
999
967
1018
1006
986
966
982
1026
998
986
1025
990
979
1030
1009
1012
963
1032
959
983
961
968
1021
1011
1032
1020
1000
1003
1037
997
1018
941
1015
980
1016
1028
1010
975
991
1000
943
986
1011
991
971
1001
983
1019
962
997
1028
991
959
1009
1002
971
1002
971
987
1029
1013
972
999
948
1005
989
1000
997
978
972
974
961
981
998
993
985
1025
938
963
951
1001
1020
972
974
987
974
956
1008
957
1008
1021
1006
1005
997
969
986
1004
906
986
947
955
980
937
968
970
988
954
996
994
963
971
981
1024
1013
1060
959
983
953
969
1035
1028
983
969
1015
985
1023
983
993
1029
1038
979
937
976
967
939
969
1000
1008
998
980
995
1015
1004
978
1034
1006
985
1020
995
1008
949
964
1044
956
1063
958
964
1012
984
1027
972
980
977
967
988
970
1009
966
1027
980
999
988
986
952
994
974
976
979
973
993
990
953
982
950
1044
1000
1031
1002
966
953
1013
1018
1017
974
989
1042
1028
998
958
948
967
993
964
1003
987
1025
1015
954
1040
1004
1013
985
987
995
988
1023
1005
998
962
989
978
972
969
984
1030
981
962
994
947
1027
1040
1000
999
971
1023
985
994
993
972
947
1040
1003
955
1026
950
1016
992
944
1045
985
1015
959
1001
978
977
975
1000
962
976
974
959
931
963
981
990
981
983
1014
966
1063
963
1006
958
988
991
974
986
992
901
1012
988
973
981
1056
1017
989
981
1015
986
956
977
1003
995
952
1005
971
957
1017
980
1020
999
1007
971
1002
978
1025
1019
964
970
980
968
999
999
994
999
968
1011
961
1027
957
1017
968
994
966
1000
1024
974
994
961
950
997
943
974
981
1006
1021
973
989
992
992
957
991
977
978
956
993
964
985
1015
1003
983
974
1002
937
986
995
988
985
1007
1004
1008
1003
986
957
1005
984
943
1001
1047
1006
976
989
1016
1058
1049
987
991
1003
962
989
968
994
981
974
981
963
956
1010
1029
993
974
935
998
1018
988
1013
980
941
1015
1007
956
993
994
1002
970
