1327
1361
1357
1349
1315
1340
1306
1353
1360
1359
1329
1350
1363
1367
1372
1366
1334
1355
1342
1361
1355
1345
1356
1350
1356
1353
1324
1337
1348
1353
1352
1364
1326
1343
1305
1375
1360
1324
1341
1332
1342
1369
1320
1356
1314
1364
1346
1319
1323
1378
1368
1299
1329
1338
1332
1354
1346
1379
1345
1328
1340
1302
1299
1307
1381
1310
1306
1363
1361
1277
1312
1370
1315
1373
1345
1351
1309
1372
1368
1298
1365
1325
1357
1343
1327
1330
1370
1329
1328
1351
1373
1355
1354
1330
1342
1357
1317
1313
1323
1305
1313
1353
1359
1348
1320
1370
1308
1338
1361
1336
1319
1345
1358
1336
1349
1302
1353
1358
1354
1375
1363
1361
1371
1364
1340
1281
1359
1361
1334
1326
1336
1358
1351
1304
1348
1314
1343
1346
1338
1351
1347
1387
1350
1327
1356
1339
1339
1337
1334
1334
1335
1309
1312
1351
1345
1343
1364
1290
1342
1350
1350
1281
1363
1329
1357
1334
1314
1359
1351
1365
1321
1333
1357
1286
1346
1339
1329
1322
1334
1346
1334
1345
1358
1324
1310
1339
1334
1341
1302
1309
1308
1364
1350
1348
1293
1361
1308
1324
1359
1308
1338
1346
1327
1330
1344
1351
1361
1328
1326
1353
1346
1336
1346
1294
1342
1299
1356
1325
1335
1330
1364
1359
1305
1339
1315
1319
1371
1345
1367
1311
1330
1327
1330
1359
1359
1345
1349
1361
1370
1359
1308
1348
1331
1324
1328
1350
1325
1340
1369
1352
1347
1380
1344
1330
1365
1353
1367
1351
1344
1338
1352
1338
1335
1350
1303
1300
1361
1341
1345
1342
1359
1334
1331
1343
1355
1322
1296
1355
1341
1349
1332
1353
1367
1362
1311
1352
1300
1336
1373
1312
1371
1338
1340
1347
1360
1337
1320
1350
1355
1357
1323
1371
1352
1325
1347
1328
1325
1342
1359
1309
1331
1359
1352
1312
1292
1358
1350
1357
1365
1336
1360
1298
1370
1356
1322
1326
1350
1303
1349
1351
1320
1319
1376
1321
1321
1290
1315
1338
1351
1353
1320
1339
1336
1332
1329
1349
1355
1383
1294
1334
1276
1315
1344
1371
1338
1331
1324
1329
1312
1332
1324
1368
1363
1359
1359
1325
1325
1347
1346
1322
1332
1282
1338
1360
1343
1295
1351
1303
1334
1340
1368
1352
1342
1379
1319
1339
1330
1333
1359
1367
1352
1357
1361
1335
1353
1338
1320
1341
1339
1345
1371
1332
1371
1313
1310
1378
1365
1355
1340
1344
1358
1333
1344
1350
1357
1321
1370
1367
1341
1335
1325
1362
1352
1336
1320
1351
1366
1335
1366
1338
1351
1366
1331
1338
1373
1369
1305
1353
1348
1363
1338
1314
1346
1360
1332
1330
1352
1341
1303
1369
1352
1346
1362
1354
1353
1333
1368
1325
1363
1333
1352
1347
1377
1353
1312
1292
1343
1358
1348
1306
1319
1384
1364
1317
1340
1372
1346
1371
1348
1327
1320
1324
1320
1369
1308
1339
1353
1359
1346
1322
1363
1380
1305
1313
1353
1364
1321
1340
1324
1374
