1323
1369
1306
1324
1376
1323
1324
1304
1310
1346
1350
1347
1315
1344
1305
1322
1326
1353
1363
1360
1327
1314
1335
1340
1306
1334
1331
1340
1323
1347
1319
1341
1350
1323
1314
1305
1340
1358
1310
1334
1346
1355
1339
1330
1359
1346
1319
1311
1289
1338
1314
1319
1327
1307
1312
1349
1304
1379
1379
1299
1336
1333
1350
1327
1317
1308
1354
1324
1363
1350
1320
1340
1355
1319
1346
1326
1302
1325
1334
1329
1365
1354
1357
1310
1351
1308
1320
1327
1342
1366
1327
1335
1344
1335
1346
1321
1280
1297
1356
1316
1337
1341
1319
1298
1356
1366
1357
1294
1321
1326
1344
1328
1346
1290
1352
1337
1302
1352
1314
1356
1373
1331
1322
1363
1336
1340
1344
1322
1336
1337
1334
1295
1344
1371
1348
1344
1357
1296
1307
1336
1318
1321
1316
1330
1343
1319
1349
1324
1347
1341
1290
1294
1347
1301
1330
1320
1340
1331
1366
1311
1313
1380
1323
1363
1296
1355
1323
1324
1336
1331
1342
1329
1330
1296
1358
1363
1352
1367
1371
1380
1290
1321
1361
1334
1338
1365
1309
1354
1315
1365
1325
1330
1330
1343
1333
1306
1304
1342
1332
1326
1328
1315
1325
1316
1337
1348
1328
1360
1339
1356
1330
1347
1334
1348
1325
1305
1330
1326
1364
1344
1354
1354
1334
1331
1361
1332
1295
1348
1335
1321
1339
1362
1339
1303
1315
1303
1320
1323
1328
1368
1350
1325
1314
1314
1353
1273
1371
1318
1366
1358
1359
1359
1355
1360
1335
1374
1355
1353
1287
1315
1332
1351
1344
1306
1316
1346
1351
1348
1340
1299
1347
1321
1315
1342
1311
1343
1333
1337
1315
1343
1326
1296
1363
1363
1336
1354
1285
1353
1347
1297
1342
1334
1318
1326
1353
1344
1349
1345
1319
1283
1294
1312
1354
1336
1313
1328
1324
1352
1333
1342
1388
1316
1355
1336
1328
1355
1351
1335
1335
1300
1348
1359
1373
1349
1331
1313
1332
1349
1323
1356
1323
1341
1346
1326
1392
1324
1301
1346
1349
1331
1313
1347
1330
1318
1355
1324
1332
1356
1362
1303
1336
1348
1314
1325
1326
1349
1332
1331
1355
1335
1323
1338
1358
1319
1334
1372
1339
1357
1322
1322
1319
1323
1274
1324
1342
1353
1297
1316
1332
1346
1299
1379
1329
1360
1345
1304
1316
1320
1318
1317
1321
1352
1361
1315
1314
1328
1336
1328
1355
1332
1348
1345
1322
1327
1295
1323
1351
1368
1312
1345
1338
1355
1335
1382
1298
1338
1360
1342
1324
1315
1320
1321
1324
1310
1346
1328
1330
1322
1326
1363
1367
1316
1358
1356
1334
1351
1343
1328
1333
1349
1323
1314
1357
1312
1328
1317
1294
1320
1322
1367
1338
1346
1319
1313
1313
1308
1322
1376
1354
1336
1358
1323
1322
1320
1326
1358
1323
1338
1306
1297
1331
1315
1357
1321
1363
1299
1328
1311
1367
1307
1314
1344
1323
1345
1332
1340
1306
1348
1325
1365
1331
1357
1353
1325
1329
1294
1288
1310
1338
1375
