1253
1269
1305
1254
1275
1281
1277
1294
1333
1259
1277
1254
1297
1256
1221
1264
1284
1289
1257
1228
1254
1273
1240
1278
1267
1231
1263
1255
1276
1294
1298
1301
1300
1316
1349
1267
1305
1235
1257
1275
1267
1269
1295
1230
1299
1278
1258
1261
1275
1256
1262
1262
1239
1326
1224
1291
1291
1308
1237
1259
1272
1265
1258
1286
1301
1251
1266
1268
1277
1344
1279
1317
1313
1329
1261
1288
1307
1291
1313
1263
1289
1288
1242
1261
1243
1273
1261
1238
1287
1278
1277
1269
1273
1262
1251
1247
1274
1293
1272
1243
1251
1226
1267
1240
1272
1276
1324
1284
1245
1256
1266
1250
1254
1265
1247
1325
1309
1277
1238
1268
1316
1230
1292
1281
1293
1284
1263
1249
1275
1300
1261
1255
1301
1266
1247
1245
1239
1288
1276
1254
1283
1296
1350
1342
1303
1288
1330
1277
1255
1339
1232
1253
1291
1265
1304
1316
1257
1282
1262
1312
1256
1292
1269
1253
1308
1264
1358
1276
1252
1286
1301
1287
1252
1285
1285
1256
1296
1268
1283
1255
1268
1285
1282
1286
1305
1280
1304
1306
1262
1284
1289
1300
1249
1228
1318
1272
1228
1246
1302
1253
1278
1279
1332
1274
1235
1295
1299
1255
1316
1269
1257
1256
1296
1252
1357
1235
1275
1292
1326
1268
1296
1278
1252
1254
1234
1285
1215
1300
1252
1274
1273
1265
1282
1280
1311
1278
1272
1351
1295
1279
1280
1283
1267
1298
1314
1300
1284
1237
1283
1247
1272
1283
1248
1257
1261
1293
1255
1285
1267
1311
1251
1258
1295
1220
1327
1275
1277
1282
1272
1280
1267
1242
1282
1296
1259
1286
1339
1288
1297
1279
1297
1262
1273
1282
1303
1293
1267
1279
1232
1291
1271
1359
1264
1278
1243
1294
1296
1246
1275
1286
1298
1282
1269
1267
1258
1278
1288
1269
1268
1266
1316
1275
1323
1275
1296
1297
1264
1262
1271
1305
1250
1255
1261
1234
1253
1287
1269
1274
1261
1241
1281
1288
1286
1261
1249
1283
1251
1265
1281
1288
1250
1247
1261
1298
1268
1276
1285
1296
1312
1275
1252
1261
1243
1285
1261
1241
1288
1249
1277
1235
1351
1282
1273
1312
1258
1248
1290
1242
1279
1289
1322
1301
1234
1275
1308
1313
1251
1269
1276
1249
1314
1281
1247
1236
1256
1272
1252
1294
1253
1270
1267
1258
1276
1324
1265
1302
1236
1320
1285
1247
1291
1233
1283
1281
1298
1221
1271
1300
1261
1315
1286
1277
1254
1320
1263
1278
1316
1300
1256
1323
1287
1241
1232
1258
1289
1253
1274
1277
1279
1300
1284
1268
1235
1281
1255
1359
1253
1344
1263
1292
1312
1290
1254
1283
1261
1259
1373
1232
1329
1309
1252
1243
1228
1257
1245
1296
1270
1239
1294
1247
1281
1234
1301
1285
1262
1265
1329
1257
1351
1306
1267
1278
1224
1261
1297
1269
1309
1258
1286
1308
1250
1270
1289
1256
1276
1261
1289
1241
1254
1262
1283
1266
1262
1345
1269
1297
1325
1311
1258
1278
