880
920
898
919
896
889
899
900
915
911
886
912
921
868
894
939
927
911
925
939
918
921
907
890
902
931
905
934
918
912
907
887
926
924
907
904
938
882
885
919
881
883
899
916
938
905
930
908
915
885
904
915
919
921
931
894
902
906
906
900
951
908
934
961
909
901
898
882
886
907
959
924
895
905
905
902
899
896
902
904
916
937
895
920
888
901
922
907
902
893
893
921
939
905
907
902
921
944
893
921
890
901
937
905
893
913
927
917
888
927
893
939
911
935
892
917
907
903
878
924
883
886
926
905
887
885
891
925
924
906
894
906
903
885
917
910
886
925
912
922
916
873
882
930
897
895
919
897
898
905
878
899
908
903
908
910
924
908
912
868
882
896
926
891
917
873
909
891
876
935
923
896
917
918
889
906
896
899
908
901
900
897
917
895
898
894
923
915
896
893
904
910
920
877
919
925
921
893
914
886
897
894
908
922
889
922
911
909
898
933
916
938
938
922
889
880
920
885
898
881
914
912
933
880
907
907
920
905
902
906
907
953
908
920
907
897
909
899
899
959
932
889
892
883
859
886
910
908
907
868
902
874
940
889
933
907
916
908
911
937
936
917
883
887
895
924
915
892
894
869
885
940
925
900
921
909
912
880
897
904
881
889
910
914
915
903
921
890
903
894
889
900
902
908
941
898
893
881
889
904
879
883
905
929
923
905
934
888
910
889
923
888
892
913
926
918
896
887
932
897
932
926
900
912
897
890
932
929
891
887
927
914
887
880
914
895
912
906
915
885
919
909
896
900
907
920
896
917
887
909
922
912
928
913
909
899
886
901
877
907
911
903
885
909
910
894
896
892
908
894
946
896
902
901
914
909
896
867
914
922
894
894
922
878
855
918
898
881
909
915
895
906
940
911
864
910
919
907
918
920
888
893
897
924
879
945
896
887
914
878
937
901
914
920
897
865
895
902
889
909
909
917
898
928
936
896
914
877
910
910
900
888
917
881
920
890
882
923
910
921
909
923
890
914
897
900
924
888
883
909
936
908
905
875
895
914
901
894
892
901
901
887
903
891
879
901
904
888
918
911
913
882
899
902
895
908
915
884
905
896
908
920
921
896
891
877
895
925
909
918
926
881
927
911
886
895
899
896
907
889
