1431
1415
1404
1407
1421
1432
1401
1371
1419
1419
1393
1372
1387
1365
1430
1371
1365
1404
1403
1408
1366
1427
1434
1381
1403
1425
1369
1437
1429
1436
1453
1434
1356
1424
1340
1427
1406
1429
1409
1397
1401
1428
1432
1391
1356
1432
1374
1430
1406
1344
1415
1423
1354
1386
1324
1336
1411
1436
1354
1436
1411
1447
1351
1357
1397
1437
1350
1339
1358
1386
1373
1431
1357
1427
1415
1386
1421
1402
1409
1351
1428
1356
1406
1371
1397
1370
1402
1379
1427
1382
1367
1420
1368
1436
1397
1429
1396
1430
1429
1405
1426
1402
1380
1425
1362
1412
1377
1399
1372
1365
1343
1394
1425
1411
1411
1405
1417
1388
1378
1413
1406
1399
1395
1405
1418
1404
1384
1424
1432
1437
1375
1361
1416
1361
1354
1414
1412
1364
1356
1335
1370
1416
1425
1366
1372
1411
1400
1373
1389
1410
1382
1369
1421
1362
1375
1415
1392
1342
1396
1388
1361
1433
1440
1382
1350
1418
1333
1402
1421
1351
1415
1431
1411
1442
1434
1422
1423
1360
1397
1393
1342
1362
1387
1397
1426
1348
1427
1390
1410
1435
1369
1415
1419
1365
1446
1380
1412
1459
1433
1375
1413
1354
1435
1405
1382
1392
1443
1422
1429
1410
1409
1440
1349
1360
1362
1411
1400
1405
1346
1392
1405
1395
1443
1378
1430
1407
1418
1440
1401
1444
1426
1396
1369
1427
1403
1440
1386
1415
1348
1412
1357
1381
1401
1428
1430
1365
1416
1372
1401
1458
1394
1437
1391
1410
1387
1340
1414
1384
1405
1369
1415
1444
1408
1364
1386
1395
1373
1336
1393
1424
1414
1411
1357
1420
1392
1367
1389
1344
1410
1404
1366
1406
1394
1399
1423
1331
1424
1367
1347
1438
1353
1348
1374
1420
1432
1414
1359
1442
1392
1397
1409
1382
1417
1371
1341
1415
1439
1343
1407
1417
1428
1342
1407
1362
1424
1357
1388
1406
1395
1384
1386
1392
1427
1395
1424
1350
1341
1443
1426
1419
1378
1421
1352
1430
1417
1353
1427
1399
1455
1411
1434
1404
1429
1397
1356
1398
1381
1439
1402
1347
1405
1360
1409
1351
1468
1417
1405
1385
1391
1409
1421
1409
1374
1404
1413
1353
1374
1439
1392
1424
1332
1438
1377
1343
1397
1408
1426
1393
1401
1409
1339
1411
1420
1421
1399
1338
1392
1444
1393
1412
1409
1433
1353
1361
1425
1398
1422
1393
1412
1396
1401
1406
1415
1414
1356
1399
1339
1425
1419
1413
1404
1440
1349
1386
1414
1370
1339
1384
1354
1339
1399
1404
1408
1453
1389
1327
1418
1397
1357
1449
1408
1417
1428
1393
1379
1387
1430
1377
1416
1401
1349
1416
1415
1403
1403
1353
1407
1420
1397
1418
1415
1423
1410
1380
1367
1382
1393
1414
1421
1390
1361
1330
1369
1366
1408
1415
1395
1424
1353
1411
1426
1375
1413
1429
1438
1421
1424
1346
1416
1430
1409
1403
1441
1423
1398
1412
1387
1372
1398
1400
1403
1431
1348
1433
1357
1430
1403
1384
1360
1384
