1328
1364
1389
1363
1371
1393
1393
1365
1406
1369
1344
1318
1317
1408
1391
1342
1368
1372
1366
1333
1355
1381
1375
1377
1404
1333
1339
1383
1358
1403
1350
1389
1371
1397
1353
1382
1352
1378
1320
1339
1333
1363
1360
1359
1342
1358
1367
1312
1395
1332
1414
1367
1388
1331
1398
1396
1378
1355
1399
1348
1392
1378
1382
1380
1386
1400
1369
1417
1360
1358
1373
1399
1386
1374
1393
1373
1384
1386
1376
1353
1386
1353
1328
1419
1376
1332
1398
1292
1355
1342
1373
1394
1369
1349
1380
1403
1311
1381
1365
1337
1343
1366
1384
1369
1406
1354
1387
1383
1377
1324
1404
1385
1399
1369
1326
1381
1396
1357
1359
1403
1390
1387
1306
1330
1335
1365
1380
1414
1370
1414
1349
1362
1354
1379
1358
1358
1334
1390
1359
1403
1371
1384
1349
1319
1369
1343
1394
1362
1306
1398
1391
1340
1377
1321
1375
1393
1386
1365
1392
1370
1335
1387
1393
1327
1349
1393
1344
1383
1342
1373
1377
1345
1299
1339
1294
1360
1400
1388
1365
1336
1410
1394
1411
1392
1372
1389
1406
1407
1392
1407
1396
1382
1367
1402
1329
1354
1389
1369
1397
1327
1389
1385
1317
1295
1354
1392
1327
1379
1352
1406
1395
1384
1362
1392
1388
1362
1399
1355
1351
1389
1293
1254
1356
1382
1384
1417
1329
1368
1353
1380
1372
1347
1379
1371
1392
1361
1396
1382
1383
1371
1323
1373
1311
1363
1370
1400
1324
1372
1298
1338
1371
1384
1270
1388
1329
1380
1338
1362
1404
1367
1378
1348
1385
1404
1391
1353
1414
1378
1267
1379
1351
1364
1396
1385
1383
1339
1364
1333
1363
1293
1380
1313
1345
1320
1359
1429
1346
1351
1359
1327
1271
1343
1367
1324
1361
1395
1366
1383
1371
1337
1409
1413
1370
1395
1394
1381
1310
1364
1359
1405
1350
1372
1331
1385
1300
1340
1341
1344
1353
1381
1414
1351
1394
1313
1327
1354
1377
1401
1391
1404
1371
1335
1367
1381
1389
1313
1371
1338
1366
1307
1316
1296
1389
1344
1298
1379
1379
1378
1327
1307
1380
1350
1369
1384
1285
1363
1401
1341
1388
1350
1350
1339
1386
1378
1377
1347
1329
1402
1409
1358
1387
1306
1400
1377
1374
1386
1305
1371
1376
1399
1362
1407
1305
1351
1329
1322
1339
1388
1405
1377
1367
1320
1393
1391
1330
1391
1366
1329
1352
1369
1391
1320
1393
1327
1311
1360
1294
1318
1409
1299
1323
1373
1385
1391
1310
1373
1380
1342
1398
1328
1373
1371
1358
1342
1351
1363
1323
1326
1391
1278
1370
1319
1354
1389
1331
1368
1398
1414
1421
1354
1354
1344
1346
1399
1341
1372
1376
1344
1384
1338
1320
1407
1343
1369
1313
1322
1394
1386
1311
1358
1361
1332
1357
1392
1388
1371
1326
1394
1374
1337
1385
1349
1302
1354
1372
1350
1395
1415
1313
1381
1283
1402
1311
1340
1395
1364
1335
1419
1401
1357
1393
1354
1359
1366
1379
1371
1397
1316
1390
1403
