1463
1435
1400
1399
1447
1464
1437
1459
1434
1400
1426
1470
1438
1420
1458
1417
1405
1424
1428
1436
1467
1455
1421
1450
1452
1404
1416
1410
1470
1422
1432
1469
1471
1453
1371
1459
1454
1469
1431
1475
1455
1431
1445
1425
1398
1417
1462
1411
1459
1469
1466
1449
1458
1445
1425
1412
1444
1448
1451
1450
1449
1465
1387
1458
1406
1485
1445
1399
1378
1450
1408
1420
1470
1453
1390
1403
1459
1424
1399
1392
1467
1392
1465
1452
1455
1466
1464
1417
1461
1406
1477
1473
1443
1468
1434
1427
1458
1425
1423
1440
1455
1476
1395
1449
1392
1421
1444
1461
1369
1454
1405
1476
1461
1442
1422
1439
1438
1413
1454
1440
1416
1465
1466
1464
1425
1453
1382
1430
1431
1453
1437
1447
1455
1460
1399
1431
1422
1344
1422
1440
1360
1425
1432
1406
1466
1431
1451
1447
1448
1434
1345
1412
1434
1477
1423
1463
1462
1437
1418
1369
1397
1422
1452
1457
1458
1463
1422
1452
1460
1454
1454
1413
1415
1459
1436
1431
1456
1415
1408
1348
1416
1396
1371
1376
1470
1359
1475
1381
1459
1385
1462
1387
1419
1417
1425
1432
1368
1451
1421
1433
1446
1396
1442
1445
1461
1461
1466
1458
1481
1463
1435
1445
1388
1442
1474
1407
1415
1433
1400
1431
1368
1457
1470
1434
1360
1378
1416
1397
1419
1386
1458
1400
1468
1464
1452
1419
1474
1416
1377
1434
1425
1463
1456
1435
1409
1438
1443
1391
1461
1380
1454
1437
1449
1451
1415
1408
1454
1442
1450
1441
1412
1455
1390
1405
1466
1438
1365
1466
1388
1460
1406
1409
1448
1443
1426
1450
1410
1429
1459
1453
1417
1457
1437
1425
1405
1413
1409
1417
1441
1419
1389
1428
1395
1464
1422
1468
1455
1469
1452
1414
1449
1444
1467
1454
1388
1426
1388
1429
1400
1396
1454
1425
1438
1466
1415
1428
1476
1416
1455
1432
1415
1446
1384
1440
1417
1434
1462
1425
1399
1432
1411
1404
1362
1451
1462
1459
1341
1447
1471
1443
1426
1421
1351
1369
1465
1371
1450
1436
1450
1400
1385
1410
1422
1449
1449
1459
1459
1415
1415
1439
1473
1414
1371
1411
1458
1387
1441
1443
1402
1460
1462
1396
1362
1457
1407
1464
1455
1384
1417
1407
1465
1430
1451
1375
1460
1345
1403
1441
1355
1464
1432
1444
1361
1424
1447
1436
1431
1430
1457
1447
1413
1454
1418
1444
1412
1469
1428
1461
1379
1464
1428
1466
1464
1365
1389
1423
1464
1468
1430
1458
1391
1456
1424
1451
1481
1387
1441
1466
1428
1443
1426
1440
1386
1425
1463
1456
1428
1426
1441
1384
1450
1403
1376
1349
1431
1430
1421
1430
1360
1452
1462
1359
1406
1439
1454
1433
1403
1418
1407
1422
1461
1472
1442
1468
1454
1424
1402
1476
1422
1451
1440
1401
1433
1472
1391
1417
1459
1427
1402
1417
1454
1454
1333
1443
1428
1463
1482
1464
1430
1390
1467
1399
1447
1435
1469
1417
1392
1422
1463
1420
