1011
1007
924
999
927
1000
987
967
1023
985
896
1017
991
1000
966
921
934
946
896
976
938
927
936
916
1015
934
1002
923
999
992
1024
957
980
1007
944
994
964
1009
948
969
974
927
950
1021
989
967
923
975
941
911
1023
935
931
930
1016
1028
926
978
913
980
954
996
968
929
1006
1008
1017
942
917
922
907
966
1013
987
977
928
902
913
976
946
922
937
960
934
977
1022
898
939
970
945
1030
995
927
997
996
988
1021
1013
918
974
995
851
988
998
927
981
970
987
992
1000
991
976
943
919
966
994
981
956
1014
925
990
951
944
944
969
979
960
897
1008
974
1046
975
968
922
998
931
940
933
1002
1005
953
942
980
984
951
917
947
983
1037
1002
957
1027
951
936
991
925
990
972
993
1020
949
932
933
914
937
940
920
1018
987
926
916
915
914
946
915
922
970
908
1012
935
909
917
934
994
1025
989
1025
966
977
932
956
942
948
958
955
1052
915
973
904
934
1011
928
980
893
1000
1055
914
911
964
915
969
918
1005
996
1012
895
904
906
956
893
958
959
984
1019
1004
926
995
953
920
936
863
991
1010
983
938
958
977
964
975
974
975
903
953
975
956
1001
950
907
882
947
912
929
989
934
914
1018
969
984
984
990
913
956
981
1028
910
951
987
992
946
1007
975
1018
1019
915
931
979
971
979
978
957
968
1003
950
974
971
984
909
964
1003
962
934
892
986
943
1004
957
934
937
1040
985
975
933
939
944
975
940
1027
945
949
1010
931
931
992
910
939
922
969
944
993
909
992
916
953
940
923
927
950
973
964
947
942
993
970
917
933
1013
989
971
925
962
973
929
913
1050
979
936
931
924
990
889
1008
988
1007
959
1001
968
987
907
981
905
996
1002
1033
982
951
902
1013
981
925
996
938
1007
926
937
916
961
960
990
944
942
965
909
973
949
925
1018
904
974
1037
1008
995
1009
987
884
909
950
1014
936
993
949
972
897
964
1014
1008
930
987
967
972
957
995
927
992
927
972
944
1012
970
1006
917
911
988
910
915
935
996
914
981
914
979
937
995
928
967
981
925
975
976
919
1002
991
888
1032
998
904
1014
1030
931
1001
1008
991
913
959
963
928
941
948
1020
914
983
929
950
973
945
911
993
968
991
962
986
957
1039
935
994
941
983
995
940
1009
996
996
964
985
913
917
940
913
1014
1006
1017
957
921
914
992
947
981
1002
976
919
1024
