624
632
626
644
616
645
656
656
627
625
609
638
648
632
645
633
663
645
641
634
645
618
633
670
638
633
632
628
628
669
604
662
639
628
610
633
643
641
627
623
626
654
640
619
645
639
632
643
664
623
642
626
673
658
614
679
627
636
634
619
623
606
627
658
643
633
629
647
635
606
620
651
630
598
634
641
638
626
642
628
627
637
620
624
616
652
618
645
613
659
654
658
634
620
595
624
624
636
603
626
601
640
650
621
630
663
618
595
644
645
642
643
628
657
634
629
664
682
636
661
636
614
614
647
623
651
626
652
644
628
636
625
646
611
578
647
619
655
632
667
645
632
670
594
618
625
639
652
654
652
647
632
647
642
650
630
616
629
627
629
625
634
634
654
612
625
632
631
633
633
639
648
627
637
619
641
613
649
616
629
637
624
644
622
646
633
630
659
615
632
625
627
633
630
612
651
613
640
599
642
618
623
609
617
611
594
645
630
648
638
672
608
649
657
626
643
640
628
646
646
626
598
629
634
655
639
631
640
608
619
638
646
641
612
634
625
607
666
622
639
692
647
628
608
627
629
639
617
625
622
613
599
657
656
624
631
625
624
635
641
602
642
616
645
646
638
631
647
621
635
655
618
630
596
648
630
626
641
645
617
646
658
637
626
618
633
642
636
646
614
631
644
621
648
626
589
625
618
636
642
612
660
657
637
634
638
632
635
648
609
635
628
638
613
629
645
628
634
620
628
652
640
631
599
637
651
610
642
654
650
651
640
625
637
624
634
646
622
626
645
612
593
614
642
653
628
596
629
663
635
608
653
625
647
637
635
684
638
649
616
668
613
615
593
671
618
647
642
614
608
628
627
624
622
661
682
609
641
620
648
626
630
648
620
628
634
614
631
632
640
614
624
611
617
607
634
628
614
635
638
618
630
656
619
577
631
615
661
642
645
648
647
630
639
601
642
625
625
640
642
600
618
631
655
625
634
652
637
619
638
613
619
644
627
651
632
640
636
634
633
632
656
628
643
602
607
617
636
637
602
620
632
614
615
618
623
635
617
630
605
625
628
642
610
616
612
626
631
624
608
647
655
669
650
647
613
652
616
645
649
632
624
632
625
632
643
620
640
653
636
641
589
636
624
676
631
603
630
625
642
