1370
1399
1393
1375
1369
1403
1409
1376
1351
1409
1387
1401
1396
1387
1368
1393
1401
1403
1388
1397
1396
1402
1410
1391
1399
1397
1434
1375
1392
1391
1402
1394
1384
1396
1366
1382
1350
1403
1412
1385
1398
1413
1360
1425
1391
1399
1407
1392
1396
1374
1323
1387
1345
1373
1391
1366
1413
1391
1400
1416
1404
1402
1401
1384
1392
1367
1404
1384
1411
1379
1392
1380
1407
1422
1337
1372
1393
1370
1399
1408
1382
1342
1379
1400
1343
1350
1334
1389
1375
1376
1383
1409
1402
1375
1370
1347
1418
1379
1393
1378
1366
1390
1385
1410
1361
1372
1379
1377
1389
1378
1369
1401
1367
1367
1422
1388
1385
1346
1381
1401
1398
1428
1421
1409
1396
1363
1390
1402
1381
1365
1383
1397
1377
1399
1380
1340
1417
1400
1419
1401
1391
1409
1404
1399
1425
1390
1379
1394
1396
1403
1390
1399
1406
1378
1379
1409
1378
1357
1416
1392
1402
1400
1385
1391
1427
1413
1385
1350
1390
1407
1362
1397
1360
1399
1396
1340
1352
1402
1416
1350
1416
1358
1416
1353
1378
1417
1349
1401
1376
1410
1374
1404
1333
1371
1383
1392
1407
1392
1420
1365
1359
1392
1407
1371
1330
1410
1394
1384
1386
1405
1396
1366
1307
1419
1401
1383
1414
1373
1387
1366
1333
1371
1403
1421
1414
1354
1397
1364
1361
1396
1403
1395
1403
1419
1345
1379
1366
1363
1391
1334
1411
1375
1416
1375
1372
1401
1381
1379
1355
1373
1360
1402
1382
1392
1383
1388
1414
1412
1380
1389
1394
1342
1388
1412
1403
1392
1429
1412
1402
1379
1394
1392
1397
1419
1417
1359
1367
1414
1372
1386
1356
1387
1356
1405
1402
1345
1379
1393
1358
1360
1348
1411
1409
1374
1388
1426
1312
1415
1417
1399
1409
1404
1337
1380
1407
1397
1372
1424
1351
1403
1368
1380
1402
1379
1402
1422
1368
1401
1396
1420
1399
1426
1371
1418
1365
1395
1379
1382
1328
1387
1411
1399
1397
1392
1395
1319
1382
1389
1419
1364
1410
1347
1427
1411
1397
1353
1343
1411
1395
1412
1390
1390
1405
1356
1398
1341
1405
1363
1357
1403
1368
1401
1384
1418
1381
1417
1400
1415
1399
1367
1381
1406
1403
1385
1381
1392
1396
1384
1410
1326
1421
1367
1384
1307
1407
1345
1406
1381
1381
1402
1340
1380
1368
1374
1407
1376
1388
1393
1341
1362
1323
1385
1379
1380
1392
1382
1395
1399
1352
1378
1416
1412
1395
1360
1412
1384
1395
1400
1330
1388
1353
1418
1396
1363
1427
1365
1354
1388
1379
1339
1407
1378
1375
1399
1337
1401
1397
1409
1394
1400
1347
1359
1394
1343
1387
1389
1399
1346
1329
1386
1368
1405
1395
1387
1388
1383
1384
1392
1342
1396
1444
1417
1371
1390
1371
1358
1382
1403
1408
1351
1393
1395
1397
1381
1405
1410
1384
1362
1390
1394
1367
1413
1385
1383
1407
1345
1397
1402
1382
1370
1404
1382
1381
1413
1361
1401
1398
1390
1386
1382
