1320
1264
1356
1350
1317
1318
1278
1318
1358
1319
1309
1332
1287
1336
1308
1341
1276
1324
1285
1319
1302
1312
1317
1273
1317
1342
1319
1293
1294
1284
1296
1331
1290
1353
1342
1332
1272
1290
1316
1314
1320
1303
1297
1281
1304
1355
1303
1315
1341
1301
1355
1316
1335
1295
1328
1274
1320
1295
1297
1296
1286
1285
1310
1257
1287
1315
1279
1298
1332
1306
1306
1315
1296
1305
1354
1321
1313
1314
1322
1288
1310
1347
1277
1325
1333
1300
1312
1295
1285
1287
1318
1322
1286
1345
1287
1306
1317
1271
1289
1291
1292
1334
1334
1335
1302
1332
1342
1290
1332
1313
1314
1304
1292
1332
1327
1322
1337
1313
1297
1297
1335
1278
1310
1298
1303
1316
1315
1292
1334
1314
1311
1324
1293
1370
1298
1325
1302
1298
1310
1328
1329
1267
1332
1309
1311
1325
1335
1286
1284
1321
1256
1313
1320
1342
1304
1318
1301
1322
1313
1336
1300
1324
1345
1323
1288
1354
1310
1313
1316
1293
1307
1306
1291
1307
1334
1355
1310
1289
1311
1299
1305
1269
1301
1307
1348
1359
1310
1312
1321
1305
1322
1327
1265
1363
1302
1340
1316
1283
1325
1283
1269
1301
1282
1315
1301
1294
1301
1298
1305
1304
1328
1308
1335
1295
1301
1329
1340
1308
1269
1276
1316
1276
1281
1325
1335
1302
1336
1298
1307
1313
1301
1297
1311
1364
1321
1370
1367
1323
1364
1328
1286
1291
1328
1327
1312
1300
1365
1300
1333
1312
1309
1319
1283
1346
1374
1351
1309
1304
1328
1316
1303
1319
1352
1302
1322
1277
1331
1323
1357
1299
1278
1272
1304
1301
1303
1310
1297
1358
1321
1337
1283
1313
1309
1296
1324
1327
1359
1283
1292
1316
1342
1321
1299
1336
1298
1301
1301
1299
1306
1338
1316
1320
1321
1337
1287
1309
1336
1314
1336
1302
1332
1320
1294
1313
1280
1363
1324
1294
1303
1353
1315
1321
1305
1312
1357
1319
1297
1293
1298
1361
1297
1328
1287
1284
1331
1288
1321
1325
1314
1317
1316
1329
1293
1284
1271
1310
1320
1331
1309
1324
1329
1315
1326
1336
1303
1331
1336
1336
1313
1328
1304
1316
1309
1310
1298
1294
1284
1286
1282
1309
1311
1330
1283
1328
1355
1310
1276
1338
1342
1306
1344
1355
1334
1377
1326
1320
1299
1303
1360
1291
1348
1234
1299
1313
1272
1299
1336
1289
1314
1333
1315
1314
1320
1276
1333
1301
1309
1313
1278
1326
1346
1369
1316
1297
1308
1304
1324
1355
1329
1355
1325
1337
1350
1338
1286
1351
1345
1305
1295
1304
1296
1287
1307
1299
1303
1308
1307
1361
1333
1361
1343
1306
1287
1304
1288
1346
1276
1314
1338
1308
1323
1324
1291
1309
1327
1349
1337
1303
1308
1310
1292
1334
1328
1349
1313
1341
1301
1283
1379
1288
1329
1320
1292
1285
1299
1344
1310
1334
1310
1298
1329
1312
1301
1327
1307
1324
1292
1324
1291
1317
1300
1324
1300
1327
1316
1316
1346
1318
1297
1348
