1198
1244
1205
1207
1187
1206
1203
1174
1246
1230
1205
1190
1199
1206
1199
1176
1223
1226
1259
1186
1199
1190
1235
1192
1215
1253
1213
1187
1192
1226
1204
1216
1199
1235
1189
1229
1222
1178
1231
1213
1203
1203
1188
1180
1220
1236
1191
1190
1191
1214
1220
1213
1137
1220
1221
1227
1150
1222
1187
1193
1184
1199
1202
1217
1211
1186
1225
1199
1219
1238
1174
1230
1241
1193
1208
1185
1218
1226
1244
1205
1174
1204
1221
1225
1180
1247
1216
1203
1200
1186
1201
1199
1219
1177
1177
1181
1205
1201
1176
1232
1217
1184
1219
1212
1193
1198
1199
1225
1167
1220
1215
1239
1227
1224
1220
1204
1184
1223
1206
1224
1210
1244
1236
1218
1236
1180
1242
1205
1218
1190
1225
1184
1216
1229
1172
1176
1238
1175
1196
1177
1208
1195
1193
1198
1223
1220
1191
1202
1192
1244
1220
1208
1201
1232
1199
1212
1213
1222
1198
1234
1213
1224
1186
1222
1197
1229
1190
1231
1197
1204
1222
1216
1207
1175
1206
1186
1168
1212
1220
1197
1217
1205
1196
1218
1237
1205
1208
1182
1192
1181
1206
1185
1204
1200
1189
1223
1187
1187
1213
1171
1175
1202
1210
1202
1245
1226
1223
1230
1209
1191
1210
1226
1237
1196
1170
1163
1178
1239
1207
1215
1221
1215
1216
1186
1194
1209
1212
1213
1213
1235
1227
1209
1168
1198
1194
1224
1220
1180
1179
1198
1208
1240
1193
1200
1205
1195
1204
1179
1223
1216
1192
1223
1227
1191
1206
1192
1218
1213
1193
1179
1209
1204
1212
1167
1195
1167
1218
1211
1202
1175
1229
1218
1193
1186
1178
1192
1180
1204
1186
1237
1190
1172
1205
1219
1207
1222
1226
1214
1238
1219
1248
1180
1227
1190
1222
1172
1203
1178
1189
1201
1197
1224
1191
1193
1231
1205
1207
1222
1217
1187
1203
1166
1224
1207
1220
1198
1214
1172
1192
1211
1176
1204
1197
1217
1188
1223
1251
1215
1213
1225
1190
1203
1208
1203
1169
1220
1240
1217
1212
1210
1228
1202
1177
1220
1231
1236
1189
1191
1189
1170
1215
1216
1201
1202
1195
1230
1219
1213
1181
1206
1177
1222
1193
1175
1207
1205
1194
1199
1221
1212
1205
1193
1216
1181
1244
1206
1182
1193
1209
1248
1204
1192
1233
1162
1209
1228
1233
1199
1207
1215
1226
1246
1180
1188
1183
1184
1190
1174
1200
1221
1202
1197
1203
1209
1218
1207
1198
1204
1237
1251
1195
1189
1198
1234
1207
1176
1206
1193
1213
1219
1212
1246
1196
1164
1198
1235
1213
1217
1196
1204
1246
1208
1180
1181
1219
1183
1224
1240
1207
1186
1203
1186
1213
1202
1197
1223
1234
1218
1220
1228
1238
1213
1204
1170
1190
1200
1221
1190
1205
1201
1191
1195
1192
1187
1202
1220
1253
1197
1194
1183
1178
1216
1228
1193
1208
1215
1221
1160
1245
1224
1209
1227
1227
1229
1184
1209
1189
1185
1232
1256
1190
1204
1221
1199
1187
1203
1195
1181
1180
1207
