1371
1362
1390
1406
1364
1341
1396
1381
1418
1365
1344
1419
1364
1443
1390
1430
1409
1386
1395
1405
1417
1403
1325
1360
1391
1382
1387
1434
1326
1383
1374
1390
1402
1423
1386
1425
1418
1420
1398
1375
1397
1427
1412
1393
1401
1419
1426
1385
1367
1409
1377
1415
1416
1426
1385
1397
1375
1347
1384
1399
1350
1404
1408
1425
1423
1384
1409
1391
1383
1433
1381
1392
1457
1374
1360
1421
1386
1390
1382
1373
1408
1380
1407
1343
1385
1372
1415
1388
1367
1406
1404
1393
1423
1338
1375
1410
1295
1360
1413
1353
1373
1431
1383
1404
1412
1407
1371
1420
1360
1397
1414
1319
1388
1433
1410
1427
1372
1424
1400
1380
1369
1422
1348
1424
1404
1394
1390
1387
1369
1398
1414
1409
1418
1418
1335
1374
1417
1382
1375
1417
1375
1383
1384
1379
1365
1408
1436
1403
1360
1408
1381
1400
1414
1425
1368
1431
1380
1417
1384
1361
1421
1377
1350
1355
1375
1418
1377
1367
1353
1384
1389
1366
1393
1419
1386
1383
1372
1424
1426
1407
1389
1411
1401
1381
1451
1392
1386
1375
1396
1391
1412
1353
1408
1389
1386
1378
1366
1413
1431
1418
1394
1400
1342
1356
1431
1418
1392
1350
1387
1362
1335
1391
1425
1354
1350
1408
1400
1395
1372
1325
1416
1437
1400
1389
1407
1393
1404
1371
1436
1393
1377
1349
1409
1373
1399
1406
1377
1368
1399
1433
1436
1381
1373
1369
1427
1364
1333
1417
1376
1376
1410
1431
1410
1395
1373
1413
1397
1435
1411
1420
1406
1398
1403
1383
1400
1405
1422
1410
1425
1365
1344
1377
1329
1345
1374
1406
1373
1390
1409
1396
1320
1322
1325
1371
1331
1375
1364
1410
1395
1390
1435
1408
1382
1386
1397
1424
1381
1386
1358
1353
1375
1397
1367
1416
1403
1346
1409
1358
1403
1374
1325
1387
1416
1354
1332
1336
1369
1397
1303
1359
1413
1411
1428
1403
1405
1424
1309
1418
1366
1410
1401
1389
1420
1424
1414
1329
1416
1374
1403
1401
1403
1385
1373
1423
1332
1370
1430
1436
1399
1357
1288
1435
1343
1427
1427
1352
1407
1306
1429
1426
1421
1367
1367
1423
1374
1430
1353
1402
1390
1399
1399
1339
1434
1347
1425
1370
1366
1375
1416
1408
1423
1394
1405
1334
1400
1409
1371
1386
1388
1383
1383
1369
1400
1365
1426
1395
1393
1342
1365
1397
1406
1352
1377
1341
1348
1379
1370
1405
1402
1414
1411
1403
1382
1400
1422
1425
1391
1411
1378
1358
1320
1422
1394
1443
1398
1377
1396
1380
1418
1414
1351
1418
1401
1398
1407
1392
1408
1370
1419
1420
1416
1418
1363
1405
1422
1429
1428
1415
1395
1425
1348
1414
1437
1417
1339
1423
1398
1424
1406
1353
1421
1404
1426
1433
1349
1309
1415
1426
1400
1352
1420
1392
1383
1416
1400
1415
1401
1385
1427
1363
1412
1377
1400
1407
1405
1333
1401
1418
1360
1369
1381
1391
1382
1385
1443
1365
1383
1390
1410
1378
