1223
1187
1153
1187
1191
1171
1214
1200
1195
1100
1220
1173
1210
1211
1167
1182
1208
1216
1238
1204
1136
1107
1106
1210
1188
1178
1233
1135
1193
1112
1219
1110
1170
1199
1207
1193
1213
1222
1184
1161
1200
1199
1210
1215
1194
1210
1176
1202
1152
1234
1130
1171
1135
1187
1208
1125
1156
1198
1207
1182
1165
1193
1170
1189
1174
1111
1203
1143
1164
1173
1241
1174
1212
1212
1212
1208
1183
1183
1218
1126
1196
1150
1189
1204
1178
1135
1183
1124
1205
1190
1186
1191
1151
1157
1222
1262
1182
1245
1173
1168
1183
1184
1223
1228
1204
1163
1152
1181
1215
1201
1171
1177
1216
1106
1199
1184
1164
1167
1172
1191
1215
1231
1160
1205
1168
1246
1130
1188
1197
1149
1212
1215
1131
1157
1237
1146
1203
1152
1193
1165
1136
1151
1171
1192
1207
1195
1146
1079
1198
1211
1230
1214
1126
1175
1207
1187
1219
1201
1225
1169
1237
1204
1179
1190
1206
1163
1133
1168
1188
1212
1116
1209
1130
1226
1170
1153
1189
1140
1166
1201
1151
1142
1199
1127
1185
1215
1218
1161
1197
1142
1184
1207
1165
1218
1179
1135
1191
1139
1220
1173
1178
1127
1180
1236
1145
1169
1197
1137
1148
1199
1114
1203
1217
1159
1203
1208
1175
1212
1145
1155
1258
1157
1221
1198
1175
1195
1187
1206
1083
1116
1229
1203
1215
1192
1166
1201
1117
1113
1206
1150
1224
1162
1138
1205
1174
1212
1182
1217
1084
1206
1200
1171
1225
1187
1160
1198
1171
1133
1161
1221
1175
1251
1190
1199
1189
1195
1103
1238
1159
1186
1150
1181
1198
1196
1163
1155
1243
1220
1186
1211
1256
1210
1187
1100
1180
1145
1180
1091
1153
1239
1191
1184
1187
1187
1172
1123
1171
1166
1152
1170
1192
1205
1161
1198
1202
1189
1213
1196
1201
1162
1205
1181
1172
1197
1136
1266
1211
1179
1173
1214
1160
1198
1192
1220
1245
1192
1191
1179
1202
1203
1262
1144
1207
1126
1133
1191
1167
1213
1217
1184
1170
1182
1179
1211
1193
1157
1174
1200
1176
1199
1158
1174
1214
1231
1126
1217
1216
1176
1201
1210
1129
1220
1161
1233
1213
1177
1194
1226
1148
1182
1183
1173
1157
1139
1206
1133
1166
1162
1129
1173
1178
1187
1219
1202
1134
1183
1200
1227
1160
1221
1197
1170
1219
1215
1195
1171
1177
1216
1234
1156
1162
1191
1220
1222
1200
1183
1189
1243
1190
1171
1158
1190
1096
1162
1210
1157
1146
1204
1177
1151
1196
1138
1201
1142
1148
1182
1159
1217
1196
1192
1242
1192
1212
1179
1177
1195
1208
1191
1135
1115
1155
1175
1126
1187
1187
1226
1198
1212
1212
1132
1203
1139
1197
1171
1197
1210
1224
1156
1197
1198
1186
1192
1196
1224
1171
1183
1212
1213
1150
1227
1217
1219
1199
1152
1181
1168
1164
1096
1162
1174
1205
1199
1214
1190
1189
1194
1178
1174
1213
1206
1177
1185
1142
1177
1237
1157
1174
1192
1201
1126
