484
476
520
452
505
475
514
453
467
485
486
445
487
465
543
479
451
478
472
455
477
468
496
446
475
475
481
461
459
473
486
465
469
414
476
499
478
485
448
503
479
428
483
474
494
491
463
462
471
462
473
456
462
451
446
474
472
457
457
449
485
480
497
475
466
478
487
487
451
451
454
481
471
483
488
466
463
457
452
467
464
506
474
483
466
450
446
470
466
466
479
457
461
512
512
463
489
502
456
484
453
455
453
482
489
467
487
480
463
509
477
514
486
453
452
460
493
484
484
468
482
465
479
513
492
469
466
478
468
495
469
469
479
458
493
483
464
504
481
462
445
521
483
488
476
460
489
477
475
482
480
492
485
485
493
489
487
497
500
469
471
496
490
505
491
501
445
510
441
484
484
480
480
483
446
460
475
457
487
464
474
489
476
419
476
493
509
478
474
486
473
467
488
471
447
483
453
491
478
464
474
481
464
468
474
475
447
460
470
460
448
477
468
468
473
454
484
485
516
458
453
465
454
445
468
467
504
443
465
505
483
468
485
482
468
465
507
473
473
455
465
486
473
470
446
477
458
465
473
457
484
456
473
500
459
472
496
438
496
490
442
471
477
507
464
497
499
476
475
494
483
499
488
467
478
469
490
499
457
481
484
483
473
473
475
493
467
490
458
495
466
474
427
469
475
481
464
475
465
463
478
462
458
471
493
508
488
475
470
501
478
476
449
486
475
473
495
467
465
454
450
465
488
457
477
471
464
484
453
477
489
502
479
484
466
484
456
495
492
481
461
457
484
476
469
480
460
459
473
465
479
457
457
480
449
447
489
477
493
474
442
467
497
473
486
472
460
474
456
498
468
469
462
473
504
474
486
436
497
468
489
439
459
473
480
478
472
453
487
455
475
475
477
450
485
463
473
475
473
463
486
442
474
497
470
469
490
479
458
494
494
444
439
480
467
485
471
483
466
493
454
463
464
477
468
475
454
488
465
476
458
477
486
504
475
474
470
472
463
471
468
442
492
472
465
480
482
477
463
477
468
472
514
465
455
470
493
500
472
436
493
462
471
507
479
473
475
478
486
475
460
494
461
485
466
468
462
492
493
456
461
433
452
469
481
498
470
484
475
496
490
469
486
464
514
474
456
470
493
486
