1138
1134
1123
1126
1119
1101
1103
1172
1080
1143
1125
1114
1132
1099
1103
1164
1067
1128
1135
1159
1126
1118
1130
1134
1087
1126
1140
1153
1134
1132
1123
1124
1162
1122
1104
1124
1168
1109
1106
1197
1091
1107
1152
1127
1167
1093
1158
1130
1114
1116
1144
1118
1153
1168
1140
1128
1137
1177
1143
1129
1166
1173
1142
1173
1174
1135
1086
1114
1134
1095
1074
1154
1148
1129
1159
1146
1132
1082
1135
1095
1093
1165
1108
1151
1143
1102
1157
1161
1182
1123
1127
1135
1126
1176
1063
1110
1105
1121
1102
1154
1139
1122
1112
1126
1105
1154
1128
1124
1146
1139
1122
1103
1125
1135
1117
1140
1172
1148
1109
1103
1111
1085
1176
1122
1094
1137
1130
1108
1141
1163
1101
1103
1174
1136
1149
1129
1155
1154
1137
1165
1134
1103
1092
1102
1147
1116
1104
1139
1096
1111
1092
1157
1126
1183
1106
1132
1168
1195
1130
1142
1070
1136
1153
1131
1103
1135
1112
1093
1096
1118
1110
1088
1103
1149
1157
1155
1141
1093
1127
1172
1176
1101
1113
1085
1130
1177
1136
1158
1093
1142
1150
1135
1151
1166
1142
1142
1145
1150
1127
1135
1093
1135
1129
1127
1125
1130
1146
1128
1148
1146
1099
1156
1129
1184
1130
1076
1176
1185
1121
1136
1147
1135
1135
1123
1162
1123
1164
1160
1146
1114
1183
1151
1124
1117
1154
1103
1117
1128
1094
1116
1097
1139
1119
1115
1133
1076
1141
1175
1090
1143
1128
1072
1137
1122
1167
1168
1165
1116
1133
1141
1138
1101
1154
1153
1099
1105
1136
1097
1123
1096
1095
1116
1121
1128
1101
1113
1098
1150
1154
1142
1088
1112
1111
1118
1101
1143
1101
1102
1162
1136
1144
1098
1088
1074
1154
1126
1138
1101
1081
1129
1140
1082
1158
1163
1172
1114
1135
1111
1125
1143
1092
1126
1132
1140
1148
1176
1154
1110
1128
1110
1173
1141
1115
1132
1133
1066
1089
1097
1116
1104
1133
1095
1166
1071
1086
1157
1133
1125
1143
1087
1143
1115
1057
1107
1162
1094
1118
1115
1103
1131
1130
1072
1159
1125
1113
1174
1104
1114
1101
1103
1118
1128
1103
1138
1123
1096
1123
1159
1126
1088
1176
1122
1169
1099
1108
1173
1151
1082
1110
1105
1129
1150
1188
1106
1103
1139
1127
1094
1111
1142
1113
1151
1132
1140
1082
1150
1115
1090
1131
1134
1109
1098
1105
1155
1149
1153
1122
1164
1139
1156
1125
1173
1158
1125
1148
1145
1073
1152
1114
1103
1157
1158
1121
1128
1162
1135
1176
1099
1103
1100
1159
1117
1113
1109
1130
1146
1139
1165
1097
1100
1105
1112
1134
1145
1143
1116
1127
1151
1137
1123
1072
1138
1146
1088
1129
1080
1152
1120
1110
1108
1121
1121
1123
1128
1145
1149
1130
1104
1101
1105
1122
1102
1144
1109
1119
1086
1129
1139
1143
1125
1145
1115
1127
1156
1106
1114
1146
1132
1132
1109
1132
1122
1117
1121
1155
1122
1127
1098
1114
1090
