363
383
370
357
340
351
333
345
363
360
368
350
346
372
405
353
365
347
354
340
351
384
370
363
364
341
362
385
342
343
376
341
355
368
365
366
361
358
353
363
362
345
346
359
398
353
391
378
392
349
338
365
378
371
366
360
359
352
338
344
379
352
367
356
375
359
359
356
353
345
338
341
363
346
344
361
364
363
362
378
369
358
403
365
368
359
348
367
350
358
351
344
371
360
360
357
362
354
354
363
362
364
357
363
371
364
369
362
356
399
375
348
352
398
354
363
319
364
392
350
341
360
370
365
337
365
335
375
367
379
357
354
357
345
378
358
368
364
350
343
343
345
379
373
348
363
360
356
368
347
356
374
357
364
361
385
367
350
378
333
352
352
356
358
373
364
362
369
374
354
388
387
359
345
368
338
351
372
361
362
344
340
354
353
359
343
376
365
375
400
371
354
366
360
366
350
373
368
360
372
354
355
356
364
348
352
387
362
362
370
360
356
357
361
339
343
355
372
377
375
357
376
364
377
357
370
374
350
363
367
358
363
393
352
360
366
354
373
395
330
362
364
357
359
355
362
383
373
369
368
357
381
356
351
364
338
383
333
357
357
391
342
346
391
365
365
337
374
389
366
326
359
363
366
393
368
374
349
340
372
343
373
340
378
353
402
369
360
349
372
354
342
365
380
364
348
376
385
357
347
364
403
352
348
347
373
349
370
356
376
360
356
359
376
343
343
344
350
375
375
367
391
376
379
360
349
376
388
356
324
361
408
369
343
375
363
354
353
355
383
379
338
345
362
410
373
357
356
356
343
365
399
341
371
366
341
360
348
347
369
374
369
350
360
360
358
372
353
363
346
403
378
375
395
394
365
364
352
335
368
365
357
373
338
356
354
372
384
373
341
347
350
372
349
344
369
345
367
366
351
357
361
381
329
348
355
362
345
360
363
372
355
358
381
339
363
328
364
357
357
413
389
368
345
330
341
352
361
335
345
347
348
345
367
352
362
366
346
372
385
376
365
338
349
375
357
338
358
365
348
339
359
350
339
355
363
360
362
353
359
351
374
353
359
362
335
369
331
357
334
351
397
372
376
332
359
362
344
361
358
373
353
340
355
362
395
346
365
360
360
398
361
373
370
331
363
335
343
349
382
