174
166
168
169
167
181
159
183
177
181
173
171
176
180
193
174
186
175
177
181
176
194
170
175
188
168
166
161
170
165
173
195
175
163
181
183
164
158
177
191
194
174
175
197
187
186
169
168
179
188
171
182
186
172
183
172
203
171
184
179
169
164
168
181
182
173
177
188
155
165
171
183
177
183
172
197
187
169
178
198
158
169
184
170
174
176
186
177
188
185
173
178
182
172
195
158
191
165
185
180
160
191
181
166
177
189
188
150
178
172
190
162
179
175
177
165
178
180
175
188
185
149
169
191
192
199
184
157
161
176
185
183
161
175
176
189
177
176
163
166
182
174
187
179
173
163
195
167
168
168
158
170
187
181
165
188
176
184
181
181
139
199
181
163
168
172
172
172
183
166
161
193
182
166
167
189
182
181
184
184
195
186
166
190
165
180
185
194
207
173
172
169
188
183
176
172
196
181
167
172
179
170
157
180
179
186
179
174
182
169
172
191
177
185
167
178
182
192
183
179
200
180
185
159
187
188
175
175
164
184
183
181
157
148
188
184
191
175
172
164
165
163
171
198
185
177
178
162
203
176
153
175
168
169
179
177
162
165
199
182
163
184
176
193
176
173
176
188
186
191
160
175
190
177
180
184
166
180
183
164
181
170
177
185
186
170
184
177
165
190
175
171
167
167
183
188
187
165
166
179
179
168
181
195
176
187
186
182
181
181
178
189
191
201
188
172
170
192
147
192
166
183
181
162
174
163
190
200
177
184
166
182
161
183
160
175
176
157
170
197
167
166
152
174
180
179
152
195
172
180
186
155
180
190
185
156
172
183
203
177
177
179
171
192
174
187
173
170
177
186
174
186
175
166
175
186
177
186
169
190
154
173
169
191
180
182
164
193
176
188
178
190
191
181
172
185
169
187
169
172
143
179
178
180
170
174
186
179
191
169
160
193
185
171
174
177
167
168
171
184
194
192
172
189
177
169
179
185
192
165
194
176
178
176
181
178
184
172
183
186
185
170
182
169
177
186
178
174
189
184
159
159
185
173
161
180
164
173
171
186
165
187
174
167
177
139
173
175
170
164
192
170
184
194
190
155
168
146
172
172
169
149
186
183
177
195
139
174
161
170
169
172
191
186
202
169
164
177
170
166
