125
142
132
131
144
145
137
138
142
140
134
146
138
140
137
132
135
140
134
134
139
126
133
142
130
141
136
141
136
143
128
140
141
145
136
137
141
146
133
137
135
125
143
130
152
124
133
141
142
141
134
129
136
138
138
133
135
136
142
139
139
137
134
132
141
134
147
140
135
135
137
117
142
133
137
138
142
137
145
138
147
147
144
137
138
137
140
153
155
139
137
129
141
141
139
134
137
146
131
137
140
138
143
138
131
134
135
128
131
138
147
139
144
118
129
139
124
132
140
134
134
138
128
124
134
139
134
143
138
141
146
121
136
136
153
147
150
132
152
128
136
147
136
137
149
130
132
138
134
130
143
136
152
136
132
141
146
132
151
139
152
136
142
129
132
129
133
132
133
139
148
139
133
136
140
138
148
141
134
152
157
131
135
140
143
135
147
136
128
132
149
132
131
147
140
137
142
137
136
136
137
134
149
145
136
126
130
138
141
138
134
137
147
136
137
149
152
150
137
142
144
148
140
124
153
139
150
140
140
149
136
131
137
138
140
146
144
148
137
137
136
132
135
134
125
130
131
136
144
134
129
126
121
154
148
137
128
126
134
143
151
124
142
137
137
143
145
157
142
147
135
145
137
151
147
138
148
144
147
140
129
138
134
138
132
133
138
141
141
154
147
137
137
132
133
143
152
133
136
148
132
138
131
147
125
144
127
140
139
134
142
126
138
141
143
137
129
142
130
136
130
134
141
141
134
140
140
130
134
137
146
132
144
135
149
135
149
136
146
142
144
123
141
133
133
140
125
145
127
130
132
148
131
149
141
133
132
143
133
135
135
124
145
140
145
138
149
134
151
134
139
146
142
127
135
147
145
136
137
131
137
137
133
136
139
148
132
143
128
139
144
138
147
136
149
132
141
132
138
133
140
154
143
136
134
140
148
141
133
131
147
155
143
138
130
134
146
131
136
128
129
121
153
135
141
132
141
147
132
142
124
128
146
145
154
139
144
145
134
138
134
135
138
142
144
136
136
153
144
145
140
138
149
135
142
143
137
138
130
138
122
134
138
141
131
133
130
136
134
138
136
145
133
139
153
133
132
151
140
132
147
124
124
136
138
141
134
143
137
141
137
132
144
131
140
137
142
144
133
132
