72
80
71
75
84
81
79
78
85
75
72
86
68
75
78
75
70
79
78
86
69
81
81
85
69
72
72
81
73
77
72
75
78
81
82
77
85
77
72
67
77
68
80
66
80
85
75
82
76
69
81
71
83
76
84
83
72
72
78
69
80
79
67
72
81
76
77
81
76
74
82
69
76
70
74
75
74
80
80
71
74
90
78
72
70
77
66
79
88
77
86
69
87
84
73
68
79
80
74
71
90
89
72
85
73
73
71
81
68
86
82
74
81
73
76
81
78
78
79
77
81
74
74
80
86
81
71
78
94
77
67
70
74
79
92
84
83
68
80
65
80
82
80
80
84
68
78
82
70
77
77
81
81
80
75
81
86
83
87
81
86
81
76
70
70
74
77
75
73
82
83
76
72
80
81
77
88
82
84
83
83
68
75
76
79
83
80
77
81
75
86
75
79
85
82
81
76
79
65
70
79
80
85
83
71
76
72
81
67
78
71
77
76
73
69
83
85
84
70
76
80
78
81
68
90
80
81
86
79
82
80
73
73
81
83
93
70
81
77
77
80
82
81
80
76
63
69
66
74
82
78
65
72
91
89
74
75
80
75
76
80
73
76
70
68
74
85
85
78
82
76
74
82
90
84
79
77
84
91
76
74
69
75
76
61
85
76
69
77
88
81
74
78
83
83
71
84
75
76
87
80
76
73
75
71
86
76
76
76
71
94
71
77
80
76
77
77
86
79
82
73
75
81
94
70
73
78
82
83
86
78
75
80
83
82
75
83
88
82
76
77
70
82
69
65
85
70
85
69
73
74
89
65
73
84
72
74
73
80
72
70
67
79
85
86
84
85
80
79
74
84
81
84
69
73
85
84
86
73
71
66
68
78
77
65
82
77
86
80
79
77
66
81
84
79
75
87
75
81
76
77
88
83
72
74
85
94
82
66
74
83
89
80
78
77
74
77
79
75
69
76
72
83
88
77
84
79
78
73
86
74
77
81
74
101
82
78
84
75
74
74
74
78
84
75
72
82
87
76
87
78
79
86
79
82
75
81
69
71
85
70
80
82
74
75
70
77
78
84
69
72
75
73
71
85
83
82
86
70
66
79
73
68
81
74
76
77
74
68
87
75
80
76
73
81
88
72
77
76
80
