257
316
291
286
252
281
286
263
281
287
270
308
304
313
314
296
290
273
294
291
305
286
292
291
297
303
271
260
268
314
285
272
300
305
274
288
302
307
286
281
292
289
277
293
246
289
299
281
267
274
260
287
274
286
298
304
289
290
289
297
299
264
288
307
294
265
293
297
259
286
290
289
315
279
278
288
291
278
261
261
262
293
299
291
287
313
295
283
282
280
309
295
282
291
294
297
297
260
276
265
287
287
299
276
284
265
281
272
272
289
300
251
266
295
252
299
318
289
289
295
287
294
284
274
287
302
302
290
258
325
293
292
286
283
272
310
287
306
287
266
290
264
273
291
286
273
292
315
280
290
304
286
276
286
277
282
278
264
292
290
273
278
289
279
293
300
287
297
282
314
304
300
297
302
285
305
309
302
274
308
300
274
256
283
293
308
269
270
288
291
278
266
280
263
290
285
274
312
292
272
302
285
302
277
277
272
290
263
290
308
304
277
276
283
285
294
293
280
273
283
260
270
284
310
289
284
276
280
282
277
284
281
292
288
311
283
288
281
301
288
272
274
262
291
279
268
263
267
279
304
263
297
283
270
288
283
273
288
286
275
295
293
282
280
297
279
285
290
331
296
294
293
289
283
296
313
273
301
279
272
274
305
279
273
290
313
291
268
293
290
302
279
297
289
297
293
287
292
302
298
283
289
301
285
291
291
303
282
286
284
297
266
277
280
297
270
272
290
291
276
296
308
289
300
274
308
265
296
293
289
280
279
261
297
279
270
274
269
274
295
287
290
267
268
314
311
247
271
292
263
296
280
285
309
301
274
260
285
271
280
296
296
271
291
284
262
285
282
275
294
285
280
302
298
287
296
269
293
261
283
268
277
294
320
282
268
321
270
312
296
287
294
268
295
275
270
279
269
288
294
264
293
311
274
295
323
296
268
274
283
305
285
290
334
287
309
286
280
292
269
312
277
299
263
303
271
293
251
266
288
275
288
300
315
301
294
284
276
297
268
305
293
274
281
300
294
285
285
323
287
279
291
290
281
272
296
290
282
281
262
279
293
278
298
291
262
312
295
279
287
300
292
284
275
292
283
269
283
302
298
296
287
275
308
274
298
278
292
282
279
278
294
274
283
296
279
283
269
244
289
