156
117
76
136
149
155
147
142
128
157
139
132
148
124
65
128
157
123
131
145
135
184
175
141
155
118
150
162
144
148
136
143
170
147
137
120
138
127
139
104
160
158
144
132
146
135
149
139
147
126
141
129
130
144
165
142
106
140
147
140
148
145
122
130
153
152
109
104
144
143
147
109
158
124
131
123
125
124
160
134
132
131
168
120
138
159
116
126
143
166
139
120
115
156
146
147
136
126
119
138
129
155
140
134
137
82
155
128
140
150
140
118
141
137
140
161
134
132
153
117
123
156
176
153
146
131
143
111
126
153
145
151
154
133
147
144
146
131
143
113
104
135
160
131
148
135
154
127
131
122
147
108
112
163
144
150
148
148
114
147
130
131
137
148
143
140
143
144
149
125
183
142
114
92
146
155
116
132
145
143
129
133
143
110
133
128
157
154
157
164
140
145
90
138
136
139
141
129
120
159
146
142
105
139
149
147
136
138
137
140
117
132
122
161
127
136
142
136
120
142
136
141
121
164
131
165
170
154
147
139
142
147
133
116
126
128
126
164
135
126
129
146
149
138
141
148
139
142
176
122
164
164
129
138
163
169
142
138
127
88
167
168
119
145
113
135
137
135
148
152
145
131
150
147
112
128
164
123
113
138
140
158
151
149
123
145
136
135
122
144
156
113
155
149
145
108
133
120
144
145
120
142
144
151
143
143
113
158
154
152
140
135
148
155
126
132
144
133
161
151
116
125
142
121
123
142
149
133
124
109
135
146
135
120
150
131
125
157
134
140
149
160
120
144
143
156
146
141
151
128
135
113
132
150
142
135
141
154
135
114
171
146
170
154
170
138
155
152
158
108
162
138
136
133
155
135
144
152
144
149
129
103
111
160
137
144
152
157
119
146
159
134
137
133
131
155
124
122
118
119
121
116
144
156
137
127
151
130
163
197
90
163
120
147
137
110
136
146
160
155
150
123
157
106
150
129
139
134
142
150
154
111
122
142
178
105
134
143
133
125
158
137
116
127
142
143
116
134
151
145
135
112
103
119
141
150
161
165
128
130
133
80
137
123
151
133
135
126
125
140
151
120
144
143
160
143
128
132
142
168
132
134
137
143
120
131
137
141
150
119
171
153
154
100
128
134
130
120
139
145
