11
7
0
10
19
11
7
13
12
15
7
0
14
14
11
19
8
8
18
11
8
14
0
14
0
7
15
0
10
8
11
15
21
19
15
15
22
13
14
7
15
17
8
9
0
11
12
19
11
14
16
17
11
14
12
20
0
12
20
0
17
15
11
10
22
17
16
15
15
0
13
19
16
0
13
17
0
10
12
16
12
16
19
10
12
13
21
8
9
21
14
14
13
21
15
11
12
12
17
15
14
15
13
9
10
20
8
15
17
14
20
9
15
5
9
10
11
22
15
16
12
13
12
0
11
21
14
18
11
16
15
23
15
16
10
12
0
10
12
0
20
18
7
17
13
13
0
12
15
16
16
16
0
16
17
10
14
9
20
18
0
19
7
21
8
18
13
12
11
0
10
0
16
13
14
13
8
13
16
19
12
11
18
16
15
18
9
16
17
10
11
12
9
14
7
0
20
17
0
16
0
14
20
12
16
15
0
11
13
18
20
12
6
0
22
10
16
19
25
16
11
16
17
16
13
11
11
12
10
10
13
18
11
14
16
0
19
17
15
0
12
7
0
18
9
16
15
22
17
10
7
22
9
17
11
13
21
16
22
12
15
8
0
14
10
12
9
19
15
17
9
20
9
17
13
16
0
11
20
0
11
13
14
14
19
12
15
14
0
13
16
18
15
10
16
14
16
0
20
21
12
0
13
14
0
14
12
16
15
2
14
14
6
0
19
17
19
10
10
18
13
0
19
16
15
22
11
21
13
18
20
16
13
17
7
24
15
17
13
16
13
10
12
14
14
14
14
14
13
15
21
12
16
19
9
10
17
11
11
15
10
15
19
14
11
10
10
15
10
12
17
12
22
15
14
14
10
6
20
12
19
8
12
0
20
14
16
13
17
12
0
17
11
12
0
15
9
12
18
0
12
18
11
12
12
0
22
0
11
18
16
17
9
0
10
13
20
0
14
0
13
16
20
0
15
16
19
0
13
15
0
13
14
17
14
9
9
12
7
11
9
9
7
15
14
0
12
13
16
7
20
16
10
9
0
12
16
15
11
14
15
13
15
16
0
16
17
12
0
7
16
16
16
18
18
7
5
19
15
15
15
13
20
10
20
6
19
15
17
15
12
10
23
11
15
11
20
7
18
15
