243
236
229
237
236
247
239
232
236
214
227
230
239
254
226
233
226
232
230
244
234
227
229
250
223
222
241
233
234
221
224
215
244
229
229
236
232
229
228
231
227
241
228
225
228
241
248
238
223
226
231
232
241
229
238
233
229
227
238
235
232
243
236
237
233
212
243
237
235
225
236
244
237
229
241
228
236
250
245
223
242
231
238
241
235
243
225
230
220
236
239
235
244
241
232
236
251
248
240
223
216
239
239
254
229
226
236
244
230
220
245
242
235
236
243
228
240
221
221
217
243
236
230
220
250
235
248
233
232
232
224
225
241
225
239
244
235
232
237
216
218
234
224
245
249
226
223
240
235
242
234
251
229
220
232
240
243
233
231
231
230
223
230
237
254
233
232
231
217
229
232
232
226
219
235
225
235
242
225
235
222
237
236
232
245
230
233
233
231
220
227
222
248
243
236
225
218
223
232
240
238
243
246
228
235
236
229
228
233
244
225
231
235
235
230
224
241
218
229
238
248
237
228
239
238
235
258
236
231
228
237
230
247
241
225
236
246
238
233
223
219
242
220
236
235
231
229
230
240
229
232
247
229
236
226
225
242
221
230
230
229
227
226
242
229
244
228
232
235
242
223
223
229
231
227
224
245
237
230
237
232
243
236
227
232
233
228
229
228
235
240
221
233
235
229
228
239
237
229
235
224
234
234
225
231
219
230
244
248
229
227
249
229
226
236
241
244
234
232
233
240
237
226
230
237
225
248
243
242
236
230
237
237
229
240
232
241
228
216
219
241
244
240
230
233
236
233
239
250
238
249
231
224
229
247
231
221
231
235
231
244
216
243
226
228
239
228
225
230
231
229
247
243
235
241
238
226
222
241
232
221
216
243
232
236
246
227
238
241
235
221
223
232
233
238
242
231
232
235
240
229
241
244
240
233
239
238
242
235
241
223
235
237
247
236
248
232
234
237
225
240
242
240
252
244
230
236
230
211
221
230
238
246
228
239
225
227
231
229
233
224
244
221
231
239
244
235
223
241
243
251
233
227
236
238
227
247
235
230
229
230
230
218
232
246
213
235
213
218
225
231
228
239
248
232
227
230
225
229
228
225
235
231
243
237
229
240
227
233
242
224
242
243
232
217
270
242
228
243
234
