391
422
416
407
416
406
429
429
406
436
416
416
443
437
427
419
418
403
421
411
419
406
422
419
411
421
402
402
404
425
412
419
410
422
404
400
406
409
414
394
430
417
419
421
409
401
416
445
399
393
409
401
401
419
423
400
421
412
419
414
415
389
402
410
416
447
411
426
398
407
410
411
416
427
435
428
403
400
382
413
407
379
400
427
414
417
404
415
451
410
424
407
397
425
408
429
402
424
401
397
420
408
411
423
417
411
418
402
438
400
400
401
401
415
415
428
422
424
418
421
425
403
392
425
451
432
424
397
413
422
398
412
406
408
416
401
406
419
419
400
413
397
397
431
420
411
400
414
409
414
420
411
403
426
408
408
417
400
415
401
401
397
428
426
428
421
426
416
412
430
426
419
406
395
437
411
411
413
455
410
415
427
410
416
433
423
434
404
416
400
402
415
405
418
406
423
416
430
399
431
417
411
401
409
380
401
415
389
398
420
414
411
413
398
400
417
403
407
404
406
427
406
449
420
425
392
391
413
411
411
413
402
415
410
411
409
420
404
419
414
416
404
408
429
418
411
413
409
400
417
403
412
405
431
398
403
416
431
407
428
414
420
411
408
405
389
423
419
446
409
419
411
416
422
421
415
422
409
408
409
418
455
414
429
410
444
403
414
447
410
429
398
430
414
417
400
422
410
406
405
425
404
407
421
406
406
401
414
412
393
424
413
393
444
410
411
398
406
413
390
408
411
398
420
425
443
424
414
412
419
406
404
412
411
396
407
408
414
416
425
403
412
394
409
430
412
402
396
416
414
393
420
413
408
434
424
396
434
407
406
410
397
403
413
412
414
405
450
423
412
414
394
411
398
401
418
399
409
406
416
406
425
412
402
394
417
439
408
421
403
407
418
405
413
402
412
412
415
405
399
383
397
413
412
426
439
419
415
444
405
414
410
425
423
406
421
417
406
423
398
395
433
398
394
414
404
421
403
401
399
412
410
404
427
434
404
410
416
424
412
431
393
420
412
425
410
416
413
427
417
410
411
416
410
389
412
412
407
413
400
407
416
397
427
420
395
419
415
427
422
411
423
408
400
407
402
412
402
409
434
409
410
415
413
389
411
419
404
384
411
413
413
395
403
418
399
394
409
406
411
