239
256
242
256
240
229
224
231
244
253
233
256
231
207
247
240
245
247
242
243
239
226
235
212
231
244
206
230
248
223
232
236
233
235
236
250
241
217
218
223
258
215
230
222
226
245
240
257
216
242
227
242
238
243
216
232
234
236
219
248
237
216
219
262
228
211
227
227
217
246
249
235
263
236
268
228
278
232
255
253
251
223
224
225
228
223
233
249
250
248
232
236
246
222
227
231
235
223
244
247
265
255
219
225
247
236
231
234
222
232
257
267
233
236
230
253
248
259
262
255
255
258
262
251
230
266
242
238
243
234
251
254
243
227
242
245
237
218
248
251
252
256
233
220
244
239
225
224
250
228
213
239
256
239
251
254
244
250
241
232
258
214
256
249
218
238
238
249
234
216
234
243
266
258
235
247
246
237
228
259
238
226
251
235
226
224
230
242
255
228
216
251
225
229
245
232
197
239
238
245
239
223
260
232
240
233
227
238
241
226
242
233
256
251
230
262
247
234
227
232
251
220
250
225
224
229
225
241
260
238
228
214
249
254
229
228
262
244
236
224
257
246
244
249
219
252
246
240
220
238
241
258
232
241
253
234
227
198
258
245
235
248
244
247
253
213
233
231
222
242
250
235
236
235
256
239
249
249
254
224
259
245
258
250
238
235
237
241
224
254
233
246
236
248
238
243
245
236
233
212
246
244
220
246
225
218
226
227
236
230
246
240
223
235
245
244
228
225
247
205
251
229
260
239
239
232
242
227
214
242
227
243
232
201
232
213
245
237
223
239
207
229
254
227
246
238
250
245
211
246
237
255
252
257
220
245
259
227
238
229
242
230
232
244
240
256
237
248
221
257
252
245
226
234
247
242
242
256
259
239
219
220
257
243
237
247
222
228
264
245
237
235
251
238
239
245
227
239
250
228
234
237
231
243
228
247
228
247
233
237
242
233
243
235
244
225
226
234
229
252
237
248
236
256
245
249
238
254
239
225
247
256
233
251
238
239
247
248
231
240
232
256
215
232
234
244
249
231
254
240
246
234
228
247
230
232
225
245
240
253
237
254
217
230
248
213
235
233
233
220
252
235
251
246
239
218
248
244
229
238
244
220
259
241
275
257
200
234
219
229
237
248
230
216
235
223
218
214
235
230
