35
41
26
52
39
43
0
52
31
44
47
41
0
30
29
41
27
42
42
45
49
51
43
43
39
36
43
42
33
46
43
48
36
36
38
51
52
33
23
26
44
31
35
39
38
43
27
32
49
47
32
52
45
42
33
39
28
43
49
39
24
40
28
47
0
38
32
44
43
46
40
43
43
47
37
39
40
42
42
22
35
42
40
39
36
26
39
48
31
49
37
51
39
30
40
50
38
50
38
35
37
46
42
37
62
28
44
46
39
43
24
27
39
41
41
45
40
39
40
38
0
38
28
45
40
48
44
44
56
52
0
41
43
58
34
16
38
44
47
47
41
27
38
46
48
42
28
36
35
55
24
47
34
53
41
44
37
49
36
49
31
27
57
40
29
52
37
40
51
36
27
42
30
54
35
49
39
35
23
44
39
38
37
37
32
32
42
29
29
24
31
32
56
34
43
0
41
21
38
43
45
42
25
58
43
41
40
41
42
45
34
35
41
52
40
31
50
50
40
37
45
45
34
40
38
46
38
42
33
54
31
32
28
37
36
39
52
46
35
48
49
49
24
48
37
35
48
29
46
39
40
42
42
39
34
35
48
37
0
26
50
56
21
32
39
34
41
39
43
36
50
40
34
50
38
52
37
52
46
49
45
43
44
28
36
14
47
41
45
28
42
46
40
42
40
48
46
36
30
54
31
46
47
54
42
44
48
40
32
46
37
31
26
33
53
25
38
42
46
42
20
19
28
42
54
48
26
28
59
33
46
0
49
34
36
40
48
33
28
41
35
47
31
49
41
38
30
44
37
39
33
32
35
37
39
39
39
47
37
41
35
48
44
45
44
42
42
29
35
39
36
35
41
53
34
33
31
32
57
31
39
42
43
39
39
40
41
35
25
48
46
36
37
43
48
54
47
39
24
40
35
41
37
27
37
29
35
43
43
26
0
42
41
38
50
42
44
57
36
35
29
30
33
42
39
42
20
36
29
51
44
41
33
48
40
48
35
52
27
31
30
32
49
49
42
25
43
35
43
46
52
37
38
28
47
42
31
44
50
36
38
46
34
48
26
43
43
42
34
42
40
41
34
41
41
46
38
32
35
46
55
53
36
41
32
44
38
21
36
44
32
57
41
42
34
41
30
48
43
41
