503
520
526
512
510
511
534
522
516
529
512
524
533
528
518
514
520
500
525
529
530
517
523
525
517
528
501
526
516
522
509
522
506
537
516
523
504
525
513
516
526
518
511
531
506
513
532
516
511
525
509
507
510
518
527
505
515
523
525
514
508
526
520
516
527
516
518
523
514
517
509
511
519
526
510
526
521
531
507
516
518
519
524
547
506
510
516
528
530
519
525
526
513
540
518
520
513
530
508
517
524
523
514
524
517
518
524
518
520
503
526
505
513
513
514
520
520
515
515
532
518
518
515
522
524
523
522
506
507
539
520
537
520
515
518
517
511
512
525
514
521
504
521
520
528
519
526
527
516
518
513
520
510
520
520
500
514
513
511
505
526
506
526
516
530
521
519
510
520
529
524
515
513
513
514
525
506
545
566
520
521
526
523
522
521
532
513
517
521
516
519
516
509
509
515
508
567
526
520
527
516
523
511
525
501
519
517
511
507
528
528
515
501
504
502
512
515
512
509
521
525
505
520
532
519
508
507
512
521
520
527
513
516
521
516
516
517
512
523
528
508
508
500
523
520
510
513
516
506
521
515
531
515
522
517
504
536
518
509
535
517
496
511
510
509
517
523
515
546
526
525
516
522
511
537
516
519
525
523
524
521
515
505
514
523
521
511
521
519
514
571
509
520
525
522
502
533
523
529
527
523
511
524
530
516
509
521
513
505
512
523
522
511
518
504
511
513
530
533
509
514
514
521
523
515
537
515
529
508
524
494
519
519
523
515
506
509
521
511
523
506
524
499
514
525
523
501
523
523
511
509
528
528
507
525
526
516
522
519
518
513
524
518
514
523
524
514
525
511
523
529
519
510
500
513
518
524
512
523
518
511
516
515
511
514
514
532
524
528
524
506
520
500
520
513
524
512
506
525
506
497
519
524
510
529
531
525
519
568
508
520
523
530
528
518
516
524
515
508
502
497
527
511
521
513
515
524
515
522
511
521
524
518
516
525
518
522
526
526
528
533
532
521
514
519
517
509
501
522
515
510
523
513
509
502
515
514
512
506
510
520
509
529
518
532
513
518
516
523
519
524
502
507
510
522
513
516
517
513
517
519
527
537
516
509
534
529
498
511
525
522
521
520
516
518
509
518
503
516
523
