282
276
294
290
302
267
289
274
296
290
271
286
276
289
282
289
273
281
289
282
282
297
293
287
312
280
294
278
284
282
276
279
291
279
277
300
283
285
284
280
309
296
282
291
285
276
281
264
285
282
301
287
280
288
279
289
276
283
286
304
271
282
288
289
270
305
271
283
281
285
283
295
276
274
291
283
281
289
283
272
286
278
283
281
298
290
287
285
301
283
299
272
281
280
288
285
292
262
282
275
287
288
292
306
274
281
287
281
289
278
303
275
282
288
278
289
283
293
269
282
279
291
270
292
275
281
298
298
290
273
280
282
285
272
291
273
281
280
294
279
296
287
280
283
289
277
288
282
304
285
276
283
278
296
268
283
281
279
280
287
285
279
299
295
287
293
288
279
286
267
278
281
282
290
290
272
294
298
292
284
275
281
285
279
275
280
269
283
291
295
311
263
296
281
291
273
273
280
278
284
284
274
290
291
294
277
304
270
291
268
280
269
282
289
281
273
283
276
279
283
286
295
285
290
278
297
291
286
300
274
287
279
290
277
285
290
267
290
282
289
279
282
290
311
304
281
295
268
278
292
304
282
282
287
280
277
287
280
281
280
282
285
292
268
274
288
300
284
278
288
285
282
279
280
290
274
286
289
285
290
268
291
291
278
286
270
287
292
289
291
286
304
287
271
284
274
272
271
288
281
282
284
286
269
290
287
269
291
292
269
297
274
275
286
287
280
288
272
274
273
279
294
283
276
286
278
281
282
282
277
295
313
271
294
270
287
275
283
270
288
270
263
274
278
286
284
286
288
286
281
279
285
289
282
295
272
282
294
281
276
284
285
272
292
293
273
279
271
278
284
296
284
291
291
272
278
281
281
268
277
287
284
293
292
298
274
286
291
285
276
282
291
275
285
277
284
284
298
281
268
283
288
274
281
284
271
301
283
285
279
293
268
294
305
285
273
276
284
263
279
268
276
273
272
287
274
280
281
288
282
267
284
291
285
283
301
284
283
291
274
290
287
291
295
272
284
284
293
282
274
275
292
281
284
291
273
298
288
289
281
281
281
277
291
290
276
305
279
277
289
287
288
290
293
281
293
279
269
292
300
281
301
276
280
283
280
283
277
280
285
272
270
283
303
279
278
283
266
282
283
