356
365
359
354
365
360
345
358
360
354
355
366
351
359
358
372
352
352
350
357
367
344
341
348
366
352
345
347
363
354
346
352
357
353
376
363
363
358
342
351
362
370
353
351
360
366
342
350
359
370
358
370
355
347
372
349
359
353
361
341
350
356
341
355
348
348
352
355
359
353
348
361
346
355
359
351
348
371
352
359
369
358
355
355
351
342
359
355
346
362
346
354
355
357
350
361
353
344
363
346
349
355
345
364
367
354
350
365
364
348
363
348
367
363
358
372
348
352
357
353
358
362
351
363
357
363
352
352
368
359
356
348
352
377
362
352
356
362
338
365
342
358
348
357
359
363
377
375
372
349
356
350
355
364
360
350
364
358
358
378
333
358
368
357
353
367
350
362
361
356
358
357
338
354
364
367
368
366
373
356
355
346
354
366
359
348
368
366
354
366
363
351
362
362
358
357
358
359
361
348
356
363
345
368
346
353
354
353
373
353
355
359
355
353
357
360
363
362
358
352
361
360
359
362
364
349
356
358
357
361
349
356
373
373
362
345
349
352
348
374
363
358
372
362
358
363
358
345
352
365
354
367
355
366
380
376
363
342
350
366
360
367
365
347
354
367
377
339
346
346
359
362
371
358
357
343
369
369
361
350
370
372
365
358
360
348
367
361
365
362
365
366
358
366
362
341
356
357
365
356
345
361
354
365
366
361
357
360
368
363
359
364
359
363
343
353
363
330
361
339
358
343
353
373
349
371
361
345
363
366
350
340
343
354
361
363
365
341
355
368
361
341
356
364
364
347
362
354
345
353
347
354
347
352
350
350
352
364
338
351
351
369
369
356
339
353
357
351
360
360
352
377
344
374
362
353
345
361
366
358
355
363
358
344
361
369
346
366
359
337
355
338
356
359
367
363
355
365
365
362
334
374
358
348
360
365
357
364
366
366
350
356
367
336
359
365
348
372
336
356
348
360
363
355
363
351
358
356
333
360
345
361
354
346
355
361
348
375
367
344
367
351
391
361
372
368
355
364
371
342
366
356
324
363
365
366
352
362
377
354
364
350
348
350
358
370
347
359
362
344
366
351
353
349
333
368
341
363
371
377
369
371
362
359
360
358
369
354
363
363
349
377
350
370
355
375
356
364
366
357
