236
284
256
232
212
274
213
247
228
269
245
204
223
233
237
228
259
246
233
266
237
250
236
235
241
214
256
255
239
250
252
253
260
221
257
230
250
219
264
251
271
230
244
240
231
219
250
226
236
258
229
244
262
236
264
278
221
230
218
258
239
254
242
262
236
263
257
236
249
242
231
259
255
214
232
249
212
243
241
268
243
279
227
241
250
261
277
221
244
228
274
244
238
241
231
242
250
241
219
251
212
258
237
256
235
277
249
224
219
209
216
258
223
256
256
244
227
252
214
252
241
247
267
238
242
233
261
251
233
232
253
251
260
245
239
237
239
233
227
250
205
250
263
227
231
239
373
241
235
252
238
212
216
234
240
233
237
232
223
252
229
234
239
260
222
232
242
275
253
222
260
248
271
245
249
242
222
212
240
249
238
214
271
241
266
240
251
237
273
270
251
253
225
254
225
210
242
240
248
263
255
231
212
235
242
237
250
274
239
235
251
270
253
267
224
215
243
235
266
267
250
246
244
237
254
249
242
238
245
245
245
234
249
277
232
226
213
218
258
257
233
221
257
242
228
250
242
264
276
234
248
228
244
232
242
246
220
218
257
210
268
235
230
244
243
232
241
250
245
230
240
247
250
240
231
232
240
243
223
265
241
267
196
247
214
245
234
240
255
241
250
230
252
234
218
230
257
261
244
236
234
266
239
229
212
234
258
263
261
255
226
263
244
264
245
244
252
220
246
262
252
227
233
247
247
232
250
243
231
237
265
234
225
235
264
212
243
239
241
252
238
241
240
241
267
238
230
221
238
219
212
242
224
255
260
252
270
260
232
239
252
267
249
251
252
218
257
193
220
227
253
255
244
244
251
248
228
240
230
240
229
227
221
257
256
247
225
235
252
213
227
240
250
225
236
216
257
258
223
212
228
215
232
239
256
232
247
238
250
240
231
265
228
231
232
262
257
236
265
229
245
235
263
226
230
218
211
256
256
222
259
193
229
266
241
220
240
254
248
247
240
262
237
221
222
248
237
229
249
257
226
256
254
219
234
230
247
271
221
252
237
245
233
237
257
232
241
231
227
250
228
242
257
254
238
232
242
260
244
253
227
243
189
224
271
244
226
236
218
257
256
248
255
242
212
255
244
243
230
246
