7
13
8
8
12
7
10
14
8
0
13
13
11
7
12
0
13
15
0
12
5
5
13
9
12
0
12
0
4
0
18
0
12
0
13
8
0
14
15
7
9
0
0
5
4
7
8
8
8
5
6
8
14
10
9
12
10
4
11
8
13
7
8
8
16
16
10
10
9
12
8
8
7
9
0
9
8
0
5
10
7
11
9
8
8
0
0
9
14
14
13
13
14
12
11
14
16
0
0
0
8
0
13
11
10
11
3
11
0
11
13
11
12
7
12
7
10
7
8
10
0
5
0
5
14
13
8
12
11
12
12
12
0
11
15
8
12
0
22
10
8
7
12
7
8
11
7
4
9
8
12
15
12
9
12
12
7
0
10
18
15
9
11
0
7
10
11
4
5
14
13
0
5
9
13
12
15
7
6
14
13
0
5
15
8
13
11
6
11
9
0
10
9
19
10
9
13
5
7
12
15
11
16
12
10
12
7
0
10
12
8
8
12
13
11
14
13
13
14
0
10
9
0
10
0
10
11
17
0
6
0
6
9
0
7
12
0
10
11
0
0
11
9
12
10
11
7
6
14
15
0
10
16
12
8
5
13
0
7
6
13
11
15
0
5
5
16
14
15
9
11
6
11
9
12
9
10
8
14
0
14
10
11
6
8
11
0
0
10
20
12
18
13
14
6
10
16
0
8
10
10
9
10
13
12
10
11
9
9
0
11
4
12
0
10
10
10
9
8
10
13
11
13
16
9
7
14
12
12
13
9
13
8
0
0
13
0
0
10
14
14
9
8
15
11
9
10
9
9
8
10
7
10
12
9
7
6
11
0
10
11
5
14
16
20
8
11
10
0
10
8
12
15
7
6
11
13
12
7
13
14
8
7
8
8
6
7
9
13
9
11
4
13
0
12
12
0
13
8
6
10
12
10
11
11
8
16
18
16
10
0
0
5
12
10
0
13
14
0
3
0
5
10
15
7
8
10
12
12
0
10
12
8
9
10
16
11
10
11
8
0
8
6
10
9
8
13
11
0
8
6
0
13
10
9
0
12
12
9
8
12
8
8
9
12
0
7
11
15
9
15
12
13
0
12
10
8
9
11
0
18
5
11
9
15
3
9
0
12
9
7
8
11
0
0
11
12
13
0
11
