24
26
34
28
33
23
35
21
35
24
22
25
38
27
23
18
19
27
25
30
41
31
36
21
25
24
26
43
15
25
20
35
28
13
32
21
26
19
32
21
20
30
20
38
19
19
30
28
31
29
32
25
18
39
17
37
21
21
29
36
26
15
27
29
38
28
31
23
19
28
36
27
10
22
31
14
25
32
27
24
26
34
22
37
39
29
38
23
23
16
25
30
34
38
24
32
31
21
25
29
16
24
24
31
26
30
18
22
29
17
29
25
35
27
19
20
23
36
25
29
28
33
33
26
27
22
22
20
23
23
35
24
9
33
36
32
24
22
29
28
22
20
21
33
33
27
16
24
29
37
17
34
30
35
21
23
25
27
37
25
22
34
15
31
29
33
22
12
41
33
38
21
25
25
26
32
24
26
24
20
29
27
27
30
10
24
21
13
32
24
37
27
21
28
16
21
25
24
28
18
36
22
21
0
7
31
27
23
24
23
16
12
27
20
35
37
26
23
29
26
28
32
27
0
31
25
20
34
32
15
33
21
14
0
35
36
29
37
31
29
34
31
26
26
32
35
29
18
32
34
26
25
22
20
19
25
34
26
21
13
28
31
23
19
23
22
32
29
21
33
22
23
28
0
17
27
32
20
24
29
22
33
35
39
18
24
33
29
30
18
0
23
30
27
30
23
22
0
35
27
29
28
32
30
30
26
28
33
33
23
20
29
34
31
17
19
22
17
15
32
15
28
25
22
23
27
20
28
27
23
40
14
21
30
22
28
32
0
23
28
18
15
34
31
25
26
22
31
28
25
29
24
33
33
48
29
44
29
22
22
23
25
35
22
28
17
30
32
24
23
31
24
23
25
29
0
27
34
25
23
30
32
28
19
29
35
26
31
23
17
17
39
19
22
17
24
24
29
23
21
23
23
30
23
27
26
37
33
32
35
38
24
22
25
24
29
18
29
19
36
25
13
21
32
30
23
21
25
25
29
25
28
24
33
27
43
34
28
21
27
34
29
30
26
27
27
27
24
26
24
30
33
28
27
26
19
20
38
34
18
37
32
21
31
28
30
31
18
29
27
36
28
41
18
29
29
32
32
38
28
21
20
30
32
21
14
27
20
29
25
31
38
29
32
9
23
21
25
33
34
