35
52
39
44
39
34
42
49
29
33
46
38
31
49
24
38
37
35
42
36
45
38
53
43
39
24
34
44
30
24
44
40
39
55
36
34
43
35
45
47
43
48
42
25
42
32
48
26
42
34
48
43
50
34
51
25
42
46
32
35
29
39
36
50
45
29
41
28
34
38
35
45
36
41
44
41
44
46
42
30
36
40
44
46
46
43
30
41
38
48
38
41
52
47
46
36
55
40
43
49
32
44
47
52
40
41
43
42
34
44
37
54
46
41
39
35
33
40
40
42
42
36
39
25
37
42
45
34
41
22
30
37
45
40
48
43
36
43
49
29
35
38
28
42
42
38
43
42
43
43
42
44
41
37
41
42
44
36
38
43
49
20
31
58
42
49
42
31
39
36
40
35
39
44
42
39
50
44
37
42
41
38
42
37
51
27
41
32
26
41
44
36
41
41
33
35
41
42
47
42
49
45
44
39
35
39
37
49
42
53
37
37
33
39
39
39
42
45
29
34
43
42
41
38
41
33
41
52
38
51
39
30
35
42
32
39
40
44
40
37
35
44
45
37
46
28
24
40
52
34
38
45
37
34
34
34
41
38
33
42
40
28
39
45
39
38
40
32
25
49
34
35
41
42
34
28
44
44
40
42
42
40
47
45
48
31
40
45
40
48
49
24
51
53
34
38
34
29
44
36
35
50
32
40
33
27
37
42
43
52
35
47
27
42
54
46
52
38
40
35
37
29
41
33
47
50
32
46
32
51
36
42
35
38
40
48
39
39
34
46
38
50
44
29
44
36
43
41
35
34
46
42
38
45
45
42
48
43
42
42
42
25
37
39
47
46
36
44
44
40
50
44
38
41
46
45
42
35
33
33
23
31
37
35
36
45
44
49
37
37
30
45
40
31
42
55
39
42
48
33
42
40
41
39
61
50
43
53
33
54
34
40
37
53
49
53
46
22
44
25
46
40
41
33
39
40
36
30
37
38
38
54
45
33
25
35
38
28
43
38
41
56
44
39
38
39
40
35
46
36
44
33
41
48
44
37
34
48
47
43
39
41
34
39
43
39
33
40
36
37
32
31
44
46
46
41
43
48
41
35
46
47
21
45
42
41
43
40
35
55
32
42
44
45
45
40
33
38
46
38
