52
63
41
54
58
51
57
33
65
60
61
39
48
52
54
50
55
34
52
49
50
61
63
50
59
54
51
49
62
50
45
44
60
45
49
57
49
63
56
48
51
51
55
43
59
60
42
53
47
54
45
46
57
38
61
59
57
54
54
41
61
57
52
60
54
54
18
50
57
46
48
51
57
42
55
61
61
41
54
62
54
55
69
48
50
53
45
39
58
56
53
50
56
50
45
53
57
53
45
50
59
43
58
41
53
55
38
56
36
47
57
60
52
39
57
54
52
53
37
57
52
50
62
52
61
55
58
35
58
50
49
46
54
45
65
61
53
64
52
55
58
49
29
50
63
49
60
39
67
57
56
45
48
40
54
62
37
34
61
49
44
37
55
40
46
58
39
63
56
47
60
49
34
46
35
50
71
37
45
69
74
74
55
35
60
39
45
54
48
50
65
49
44
48
43
64
46
46
52
47
73
35
56
28
48
61
55
50
58
42
59
51
40
30
69
49
54
60
53
52
32
38
51
53
63
57
54
42
40
49
57
67
49
49
46
48
52
59
48
49
54
51
43
51
41
51
49
49
65
56
60
55
64
59
43
51
60
49
47
51
46
34
55
69
40
50
56
66
61
56
26
49
60
41
49
53
62
69
61
56
55
51
49
43
59
58
47
63
45
59
50
52
44
32
55
23
55
49
33
51
38
47
63
45
48
50
45
58
56
37
67
51
64
68
64
53
37
52
68
74
58
36
74
32
49
53
61
41
52
56
45
31
45
59
75
48
48
49
46
62
56
36
44
54
44
44
68
54
46
46
57
49
47
68
63
47
0
59
55
45
52
46
51
52
52
47
54
56
55
60
33
62
37
54
51
65
53
38
71
43
60
52
39
57
57
47
69
50
64
55
40
42
67
49
52
44
48
56
54
48
50
44
58
57
64
21
53
38
45
59
52
46
54
48
42
63
62
48
43
47
73
39
59
55
58
46
65
36
53
40
60
51
34
32
62
60
54
60
55
40
43
50
48
59
57
35
45
58
47
54
65
63
48
60
48
56
56
40
42
69
48
48
33
52
59
68
48
47
56
71
60
47
59
52
64
40
68
33
53
46
63
38
62
61
47
54
39
65
42
37
61
47
0
48
54
68
53
55
50
56
