111
122
96
111
94
102
100
106
104
107
102
108
105
99
113
100
104
95
110
98
88
107
86
70
117
95
98
88
100
91
107
110
94
116
94
81
100
102
86
98
99
102
98
101
108
91
99
93
112
110
100
103
111
91
113
95
101
111
112
110
87
102
101
109
107
97
110
93
94
85
97
112
98
95
95
108
109
101
78
114
116
110
102
113
97
102
109
108
96
107
99
101
86
84
113
94
110
114
91
108
113
93
73
85
94
106
98
93
99
108
108
93
99
99
105
94
99
99
87
96
102
88
109
113
111
101
108
84
110
95
98
104
99
104
116
107
115
80
110
115
96
96
106
112
100
83
102
99
99
97
86
106
105
91
103
109
86
103
118
118
95
91
102
107
95
102
98
94
114
89
88
94
112
106
120
97
93
94
89
108
103
123
110
111
113
98
93
115
115
97
105
79
111
108
105
93
90
99
94
109
103
101
106
95
108
123
79
100
95
98
104
84
107
99
99
91
110
109
101
113
98
96
98
98
114
115
111
99
97
112
110
102
96
100
107
105
105
99
98
95
89
97
83
94
96
117
90
94
109
101
111
105
102
116
93
106
105
113
119
90
103
113
92
111
103
101
96
110
107
93
79
110
106
91
96
97
117
117
92
106
111
97
99
92
97
108
90
108
100
106
108
107
95
101
121
113
107
87
98
84
99
109
116
126
72
103
85
119
94
87
114
106
129
109
69
87
96
116
114
122
107
96
120
80
112
89
116
100
120
103
99
100
89
88
109
118
104
101
80
98
95
95
101
99
92
87
112
115
103
100
114
84
111
96
97
104
103
91
93
104
101
96
101
111
89
101
104
98
103
110
89
110
100
108
90
110
95
99
90
114
114
99
96
104
99
96
109
107
92
114
94
115
91
88
87
107
92
117
100
94
74
102
97
101
108
91
113
88
94
112
92
103
114
89
105
109
104
95
90
104
115
101
107
97
103
102
113
111
111
86
94
97
83
97
104
104
97
101
115
101
115
96
113
89
95
104
92
100
94
85
118
105
100
99
70
104
95
86
112
97
91
95
94
96
90
85
102
90
79
75
93
81
107
94
110
81
98
113
102
96
104
102
107
112
106
107
84
108
105
80
74
97
91
110
106
110
85
114
108
96
