474
496
472
483
458
463
469
483
491
485
479
479
464
479
483
475
456
474
477
467
482
470
482
466
497
455
477
471
450
467
486
495
470
482
474
486
472
455
474
466
490
474
457
483
479
468
517
485
483
475
476
491
499
488
486
464
456
479
480
465
474
468
454
464
480
488
467
476
473
462
462
473
478
471
449
459
477
465
467
490
466
499
477
485
472
549
463
470
480
458
483
460
486
473
487
466
466
454
461
465
469
486
452
468
474
485
478
459
451
466
454
461
478
477
481
473
451
472
471
489
453
461
460
461
483
465
460
474
468
473
452
471
479
496
476
480
484
489
451
473
521
487
494
481
472
481
510
457
490
461
464
473
481
484
481
475
494
462
467
477
469
461
473
482
470
482
472
505
535
469
492
467
478
467
462
465
529
461
475
495
486
468
457
478
486
473
466
490
474
491
473
457
461
476
475
465
467
462
471
492
467
484
477
462
472
473
474
478
478
481
475
475
477
471
469
458
475
475
489
476
469
488
478
479
459
470
477
496
481
496
483
489
476
463
469
460
472
484
465
476
472
462
479
487
470
466
473
466
470
466
466
466
483
463
454
469
473
469
470
464
489
476
479
494
472
485
481
476
487
485
460
473
476
476
481
482
477
482
463
488
461
474
464
478
460
472
466
467
483
482
463
474
459
482
462
462
479
478
475
471
450
479
472
474
490
458
475
465
473
472
464
464
461
479
462
483
523
453
477
479
496
501
447
463
474
465
492
467
467
481
479
482
482
492
463
470
462
457
461
476
462
472
472
495
479
471
471
492
470
455
493
484
471
483
491
470
472
463
475
476
482
533
483
465
463
466
470
472
466
530
474
496
477
476
473
474
455
517
484
465
488
475
490
482
449
479
475
471
486
462
462
468
480
465
472
486
453
463
477
453
479
448
475
469
474
483
453
480
480
458
474
474
481
481
456
482
459
476
462
475
485
480
480
460
470
460
470
481
471
476
454
461
471
476
486
457
473
482
473
472
468
456
462
463
481
473
460
478
536
475
452
475
491
456
479
474
464
463
468
474
467
459
479
493
478
450
475
461
458
494
476
475
488
476
491
455
473
453
473
461
491
470
461
461
466
476
455
487
462
478
542
469
472
471
458
477
462
463
456
488
