50
67
55
50
56
49
53
47
60
56
57
48
58
58
50
47
62
58
51
61
57
54
60
57
43
53
53
44
52
42
51
52
51
49
59
43
54
49
51
59
44
61
46
58
62
61
45
62
53
56
49
53
59
58
42
67
53
58
56
56
49
56
58
57
53
46
52
57
51
49
43
62
57
55
56
52
60
48
45
51
48
57
48
60
49
57
52
58
52
57
49
65
48
54
49
60
46
55
60
45
53
55
57
41
57
54
54
49
57
47
49
42
50
49
53
52
56
57
58
65
56
60
51
46
52
51
39
60
49
54
38
58
59
50
54
64
46
55
43
54
55
55
43
47
62
54
60
55
54
47
46
58
48
52
53
58
40
49
44
57
57
49
45
59
54
59
51
51
49
51
50
44
51
47
40
52
52
58
52
49
49
59
71
47
42
52
51
46
48
54
47
44
47
43
54
51
60
46
54
60
38
49
54
53
50
66
48
42
56
59
56
53
50
50
55
52
46
62
69
56
45
63
59
54
55
58
48
46
30
51
45
60
44
58
56
50
63
43
43
55
55
43
57
64
55
54
38
56
45
48
59
52
61
55
50
59
69
68
58
51
53
47
45
54
58
51
55
53
63
58
51
53
50
55
62
56
52
48
54
39
60
60
55
51
56
63
52
65
43
53
54
49
55
45
48
66
61
49
50
52
50
52
52
50
42
54
55
51
56
49
58
55
56
42
58
47
49
55
51
49
40
48
55
54
63
57
43
51
47
67
60
55
59
59
48
63
68
51
56
53
53
56
52
47
33
49
57
45
51
44
46
47
55
56
42
61
54
39
40
45
56
52
56
60
54
57
54
53
38
63
50
40
55
52
53
38
51
53
59
52
58
49
49
50
65
50
56
52
51
44
45
48
52
48
53
52
52
54
46
55
51
41
51
55
46
55
60
52
54
56
46
48
50
52
62
53
57
55
57
55
40
52
60
51
49
55
54
52
55
54
49
59
52
52
51
54
48
59
50
55
55
47
57
53
46
51
55
53
53
63
50
47
50
51
45
39
60
62
45
52
55
55
53
61
58
55
52
50
48
47
51
41
61
67
46
43
58
52
45
57
60
49
59
55
46
56
44
44
50
43
60
47
54
53
57
53
66
60
54
61
