101
110
87
80
73
103
88
95
122
89
118
128
114
93
85
102
89
102
79
96
97
96
99
98
86
110
96
93
113
123
107
68
111
110
107
104
95
99
88
94
105
106
95
116
73
125
79
92
97
98
83
90
92
112
99
100
90
103
83
111
102
98
90
91
96
112
92
123
99
110
103
110
101
95
90
100
94
115
104
96
112
113
69
113
130
103
96
116
104
106
98
94
79
92
93
101
106
88
113
92
118
92
121
98
89
94
105
96
96
97
117
120
98
101
83
77
110
91
112
124
89
90
69
96
96
92
103
107
84
102
94
82
97
92
92
100
112
83
86
114
95
95
89
88
92
95
106
112
103
110
82
102
105
94
103
89
100
89
105
90
90
67
101
92
95
123
87
109
127
112
90
89
68
89
94
97
76
73
109
114
101
101
83
109
122
90
77
105
99
104
104
101
79
110
118
89
90
75
102
88
91
104
93
116
92
113
94
105
82
107
89
112
104
85
94
108
107
99
105
106
112
115
99
99
102
100
117
103
80
110
97
106
101
96
87
43
106
107
84
97
109
54
95
83
111
82
90
93
107
100
95
96
104
110
95
91
108
102
102
121
87
97
93
105
91
122
105
111
69
110
118
115
77
93
101
115
89
112
81
86
100
121
103
93
115
93
100
47
116
104
84
101
107
87
108
96
94
124
114
108
108
99
77
95
81
92
87
101
108
89
117
111
78
123
94
117
99
104
106
84
97
103
35
80
72
81
118
107
81
116
102
104
101
77
96
103
96
86
103
109
103
81
97
83
116
144
97
107
110
67
112
84
122
98
93
85
100
103
102
101
100
94
97
101
83
98
110
79
91
105
98
90
100
81
77
85
89
98
74
106
89
87
0
94
103
87
98
113
87
125
94
109
97
92
90
85
83
82
122
83
83
88
116
81
83
94
55
104
92
100
93
88
107
105
109
109
98
100
104
86
102
114
98
80
107
119
89
92
118
85
101
104
75
85
117
107
88
108
96
98
103
105
88
82
97
82
106
94
109
117
86
102
97
95
108
95
95
83
101
116
97
108
90
108
102
103
103
106
116
121
108
103
99
90
98
96
119
92
94
101
103
106
105
91
90
95
75
95
80
98
93
94
105
103
82
107
82
97
97
110
