281
292
288
273
281
281
297
299
271
296
274
280
278
286
302
272
295
281
271
285
286
306
287
289
288
286
281
275
312
274
279
296
295
285
279
280
290
284
314
295
287
294
300
294
303
276
284
284
297
289
278
305
307
277
300
311
304
274
300
289
275
289
293
282
301
280
296
297
287
278
279
291
307
284
276
293
283
290
299
297
296
291
304
305
273
298
280
281
294
288
289
283
288
294
289
284
298
292
285
299
286
288
293
295
284
295
268
277
285
286
290
283
285
269
278
290
281
275
302
292
279
293
304
306
306
318
286
292
297
293
312
275
293
285
286
302
292
274
302
297
298
307
286
295
288
284
286
279
284
286
291
279
286
284
278
296
285
306
294
292
277
307
296
286
287
279
291
306
296
286
292
287
304
294
294
310
293
268
294
276
281
298
277
286
278
286
282
295
304
277
291
287
292
301
300
299
312
301
282
288
294
293
293
301
294
313
292
287
283
275
281
305
283
289
288
270
279
272
292
307
313
297
285
287
307
290
288
278
285
292
286
294
284
282
279
303
284
290
284
281
289
267
285
293
275
283
278
292
303
299
286
276
293
273
285
289
277
288
298
273
293
297
287
289
273
274
278
300
283
305
287
274
297
301
277
303
298
295
294
296
289
274
286
283
282
272
276
293
287
294
288
285
274
293
306
290
297
282
280
288
289
294
295
302
283
286
284
295
292
295
297
285
307
308
290
284
295
285
296
282
291
282
296
286
291
308
293
289
286
310
287
301
287
302
277
298
279
273
268
299
283
285
293
276
278
278
296
312
298
322
293
291
288
301
298
295
269
289
296
290
296
297
282
297
302
288
276
297
274
280
283
305
281
296
288
292
266
287
290
310
282
297
270
287
273
289
280
304
274
290
290
296
287
289
286
281
262
310
273
290
277
298
296
293
281
278
300
285
278
293
292
284
281
283
289
285
282
270
282
278
283
291
288
301
274
293
306
289
296
275
308
294
298
280
287
292
291
285
297
283
291
299
273
315
289
273
289
297
280
287
295
294
305
284
302
283
288
287
291
312
293
307
288
281
273
290
300
275
290
264
305
273
295
281
280
283
298
287
293
272
289
284
300
290
280
300
272
281
282
277
285
281
286
301
295
282
287
288
295
286
