30
39
43
32
52
36
34
41
48
36
32
48
36
40
35
39
37
40
45
40
39
28
44
34
41
46
38
37
41
31
38
39
39
47
41
38
42
49
36
36
40
40
49
38
41
34
42
44
39
39
35
40
38
44
37
35
37
40
40
43
40
38
39
41
42
40
47
41
25
33
37
36
46
37
37
37
42
41
40
39
43
51
35
35
41
34
38
38
45
40
42
42
48
44
40
37
35
43
44
36
39
41
42
42
45
39
38
29
35
47
43
46
37
38
42
42
41
44
41
39
33
45
33
37
47
46
43
46
49
45
45
30
37
38
48
50
40
41
52
33
37
43
43
41
43
45
35
33
39
48
40
48
38
38
39
40
48
41
42
43
40
43
39
42
35
32
41
42
35
46
47
36
37
38
44
32
44
34
46
41
38
38
38
42
47
38
41
34
41
39
40
36
40
45
40
37
37
31
33
35
39
46
46
37
36
40
31
30
37
49
42
41
38
42
42
49
43
36
41
37
43
45
42
35
46
45
41
46
42
38
34
41
37
45
49
33
34
43
32
34
36
38
44
42
38
35
32
40
44
37
37
42
48
44
47
41
45
40
44
35
46
43
43
40
36
40
36
47
55
42
42
49
45
45
44
35
42
46
49
39
42
29
32
44
39
41
39
39
39
61
41
39
50
38
42
41
37
37
43
42
34
43
41
35
41
37
39
35
41
47
44
31
42
43
41
39
41
43
35
40
38
37
42
57
36
43
39
36
42
38
46
33
48
37
36
41
38
44
45
42
41
39
40
44
38
43
37
37
39
37
35
51
43
41
45
39
37
40
36
31
42
32
37
46
45
44
37
32
41
36
35
45
39
42
37
45
40
40
38
29
39
42
35
39
31
39
41
37
32
41
38
42
43
40
39
45
45
32
25
42
45
41
38
39
31
39
51
40
36
37
47
46
43
35
39
42
42
44
43
37
42
34
42
41
37
38
39
45
41
45
40
42
47
49
56
48
36
44
34
42
36
30
36
44
35
38
33
46
46
43
40
44
41
49
43
37
42
39
37
39
37
40
39
40
47
40
39
45
42
40
41
33
42
36
49
44
31
41
42
33
37
39
32
40
35
43
34
34
38
45
46
44
44
38
47
39
39
37
33
41
