140
151
126
136
152
153
144
131
143
132
138
130
162
149
141
149
136
145
134
144
145
144
137
145
140
132
144
135
138
138
134
138
143
141
146
149
142
141
150
134
137
139
133
143
138
138
152
144
128
130
146
136
157
135
145
145
144
148
136
141
136
156
145
146
135
122
135
146
141
141
150
144
130
135
145
141
146
157
149
127
135
134
148
151
135
153
133
126
134
146
153
145
142
130
149
149
168
159
151
149
122
143
138
157
127
133
132
150
145
134
132
141
137
141
144
146
147
136
140
131
146
150
147
123
136
142
162
127
134
141
140
146
144
122
138
145
142
151
142
136
134
137
134
142
148
130
140
148
150
139
151
156
147
139
142
135
153
142
143
140
148
131
133
157
138
141
138
133
133
138
145
144
137
135
155
124
144
157
137
151
129
136
145
140
146
144
142
144
141
146
140
125
146
138
136
133
129
133
138
154
143
137
145
145
137
129
131
145
145
150
142
139
146
149
144
122
151
138
137
132
148
145
144
146
145
134
150
149
149
144
146
154
153
147
134
149
156
156
141
135
118
145
132
142
142
146
137
138
147
140
133
155
132
140
138
136
140
128
132
148
145
119
138
152
143
151
124
132
140
152
134
137
147
125
135
134
144
137
148
145
142
147
149
142
150
135
138
143
142
151
147
132
147
138
137
137
131
141
138
145
142
148
143
131
133
141
145
149
151
132
151
151
146
137
129
149
146
134
150
142
150
143
126
133
144
135
148
136
128
140
138
146
146
142
144
142
151
143
136
140
143
145
141
146
143
143
140
137
156
141
144
146
128
147
146
144
131
145
138
145
141
135
149
139
126
155
136
134
135
141
147
144
130
141
153
144
152
130
151
146
141
133
146
151
146
151
126
143
143
125
122
130
142
132
149
137
141
134
162
147
131
135
146
146
150
145
155
143
140
149
136
147
150
139
137
151
139
137
143
139
142
144
141
142
153
144
148
139
143
132
136
147
145
131
139
144
144
132
144
128
143
150
142
139
147
148
131
139
152
135
163
144
143
150
146
134
134
144
139
138
148
141
126
147
143
132
142
124
137
141
135
145
136
143
145
139
144
144
131
123
133
156
140
142
126
139
140
136
142
139
139
138
150
131
145
165
140
138
139
144
