24
16
21
16
28
18
22
18
24
12
13
36
19
19
24
15
19
22
23
23
0
16
22
20
23
15
17
12
15
19
20
0
14
22
25
14
15
29
22
9
23
19
20
17
25
18
23
15
13
19
23
19
16
21
26
17
17
21
18
17
18
15
14
19
26
19
24
24
19
20
20
18
24
22
17
19
23
15
21
24
22
28
0
15
14
0
24
18
26
20
24
18
20
16
19
22
20
17
0
16
23
18
20
19
21
13
16
19
18
28
24
22
24
21
16
19
15
15
25
23
19
25
19
16
25
23
16
18
25
20
22
20
0
17
22
24
29
24
26
16
26
17
21
21
15
25
15
24
22
20
17
21
23
18
26
17
22
18
25
24
21
22
19
24
22
12
16
22
19
23
28
24
24
20
21
16
24
21
26
19
18
16
18
12
19
20
18
16
21
25
23
21
31
34
19
20
22
15
12
23
24
26
26
18
24
20
17
18
29
19
19
19
18
15
19
27
24
21
18
21
25
16
23
17
27
17
18
20
0
24
18
16
17
21
17
21
20
20
22
17
17
20
20
20
24
20
20
11
21
21
24
20
25
25
30
12
24
15
24
19
15
13
26
0
19
20
18
0
28
22
26
0
25
18
24
16
20
29
22
0
18
20
14
21
14
19
22
10
16
23
31
22
23
17
14
17
28
19
26
29
23
22
13
20
23
20
18
25
22
14
19
12
17
24
16
22
19
27
14
20
25
20
21
26
22
15
22
25
24
19
24
17
27
17
24
18
23
22
19
22
25
18
20
15
26
18
17
20
16
12
17
21
15
27
24
21
25
16
18
12
19
18
20
29
23
22
18
15
27
21
24
22
16
0
20
21
22
21
18
19
21
19
15
21
17
11
17
22
24
20
23
17
14
22
23
22
15
18
20
19
15
21
20
22
17
25
23
26
20
19
28
0
18
20
27
20
17
24
18
17
17
12
24
21
24
10
25
21
17
20
17
21
24
18
30
24
22
22
17
20
18
20
14
20
21
24
0
26
20
27
18
16
20
22
19
27
25
14
0
0
16
17
22
14
25
19
18
21
23
20
19
21
17
19
23
21
21
19
18
19
31
13
22
30
20
16
24
15
19
28
19
23
22
21
18
24
21
22
16
24
