176
179
173
171
175
172
170
172
178
176
169
175
187
171
166
180
178
169
176
179
171
177
168
196
161
178
183
171
178
182
170
178
173
175
179
168
179
172
173
175
169
174
157
177
164
177
167
170
172
168
184
171
167
169
168
182
168
164
173
165
177
174
170
178
173
160
182
160
169
159
170
183
168
181
172
174
182
176
167
172
179
175
176
167
164
175
174
172
173
180
168
180
168
169
173
184
163
164
168
165
171
179
176
166
160
179
167
173
170
157
178
167
174
169
161
171
174
169
171
171
181
179
181
175
166
171
181
180
172
166
174
171
165
161
181
180
174
177
165
171
171
175
171
165
181
171
165
177
168
168
170
180
170
180
173
165
172
168
175
180
178
175
173
190
161
184
185
177
178
169
172
170
178
178
172
172
175
176
176
171
173
181
190
174
156
182
178
179
170
175
169
174
164
174
173
168
173
167
166
185
169
169
178
177
163
178
167
172
181
179
177
173
180
178
172
170
172
186
185
192
174
188
181
182
167
170
167
170
160
174
167
174
156
173
184
185
189
170
177
186
171
163
189
182
182
176
157
173
186
167
177
172
167
183
166
177
200
172
178
170
183
161
176
177
185
183
160
178
172
181
187
165
171
171
167
187
158
176
172
172
163
177
173
172
177
183
195
182
168
166
175
167
178
164
176
184
167
166
165
180
175
159
173
169
173
189
182
163
174
174
173
174
183
178
168
179
172
178
182
173
164
180
170
170
166
168
164
171
162
171
176
158
176
163
175
197
177
168
179
171
197
169
175
163
168
175
177
166
165
168
172
167
178
174
165
174
174
159
165
171
176
177
182
173
172
168
176
166
164
180
164
163
173
178
160
165
173
170
172
176
178
166
170
176
174
178
178
173
179
168
164
169
170
182
190
167
169
171
164
157
167
159
170
176
181
170
175
170
184
185
181
170
179
170
180
180
169
181
177
182
174
171
176
182
178
174
183
180
181
178
183
177
182
177
166
175
174
177
168
179
170
166
175
173
171
166
167
174
175
177
174
164
176
175
163
178
189
173
162
190
167
159
173
171
175
170
194
166
192
160
169
169
169
176
173
169
178
166
165
182
180
165
179
169
172
192
163
159
176
170
172
173
167
169
171
162
185
174
188
167
