86
84
81
68
79
72
68
84
79
70
67
70
87
79
78
85
76
83
80
84
74
72
66
72
69
74
79
74
67
73
77
85
72
70
75
77
80
77
71
82
79
85
70
72
83
77
86
74
73
70
75
74
82
78
75
88
71
79
82
71
80
69
65
78
76
74
65
72
70
83
89
79
75
71
76
82
78
85
74
76
64
91
99
76
79
73
77
86
68
81
69
82
84
69
89
69
87
90
78
76
59
65
75
92
64
69
74
81
67
74
65
78
80
78
83
77
73
72
71
78
82
82
78
58
82
69
88
87
78
77
82
77
76
71
80
69
79
90
70
72
74
70
71
72
72
71
65
82
82
72
81
87
73
67
87
72
86
72
82
75
75
80
70
76
77
73
77
73
82
70
75
73
66
78
68
71
83
84
73
78
73
75
87
77
86
78
81
69
78
75
74
74
86
92
74
79
75
73
74
81
87
81
85
78
73
67
61
69
66
81
78
73
68
63
78
62
88
64
73
78
92
90
73
84
85
76
78
89
75
84
62
74
79
85
71
81
75
82
72
75
55
78
68
71
70
77
75
79
86
80
73
84
66
75
90
66
84
65
69
73
68
77
73
72
79
82
69
78
80
70
76
73
72
72
67
73
93
90
75
73
73
91
79
71
78
79
80
83
67
68
76
69
89
76
73
67
83
68
80
71
76
85
77
86
78
79
61
77
85
81
84
87
78
74
87
75
80
82
70
80
76
74
68
75
87
79
81
68
59
82
60
74
83
76
58
83
84
79
73
72
72
78
78
71
89
76
86
74
84
69
75
75
60
70
79
81
74
85
77
76
83
53
87
60
60
93
79
74
79
82
80
83
81
86
91
93
83
74
70
80
63
74
87
77
81
97
79
64
74
75
65
71
72
76
83
85
69
75
87
68
88
85
78
71
82
78
85
92
74
84
76
79
76
77
60
92
76
75
68
75
84
83
80
78
75
75
80
62
75
69
72
63
73
67
66
70
71
86
70
72
81
92
73
64
83
86
70
70
78
78
66
76
72
85
71
68
83
77
72
75
71
87
87
89
80
73
79
67
65
70
80
77
79
83
75
80
74
85
74
75
66
75
78
76
79
76
79
62
69
84
63
72
83
76
65
74
86
68
67
79
