553
554
566
550
553
555
569
546
575
564
554
566
552
546
561
561
548
544
565
564
541
555
559
568
558
562
549
563
544
563
560
552
551
548
562
554
543
550
550
556
562
550
544
562
562
563
558
551
568
557
556
556
566
557
550
570
569
556
553
559
554
563
567
560
552
552
543
551
548
559
559
576
557
567
543
546
557
545
582
569
564
565
561
555
543
580
568
556
557
552
548
536
569
549
553
551
557
550
558
555
546
558
545
559
553
563
565
552
566
549
547
544
557
549
560
559
548
569
559
561
559
557
548
557
552
557
566
569
550
568
552
560
561
562
567
558
569
568
561
551
545
562
563
545
565
551
567
542
554
547
549
557
561
569
566
569
557
561
579
551
554
557
554
569
553
550
565
573
565
552
560
548
575
571
545
560
550
547
539
552
571
555
546
554
563
553
555
570
566
562
561
532
559
549
559
551
556
566
557
548
552
565
552
559
562
556
550
556
550
559
552
558
580
555
562
566
564
553
552
554
563
561
562
559
550
563
555
557
562
566
550
555
547
558
555
553
556
554
555
539
550
548
551
557
554
570
561
557
556
545
556
552
567
557
547
559
576
558
559
563
557
561
551
570
555
560
547
571
562
553
548
551
552
554
560
567
563
551
545
576
538
554
561
554
558
551
557
558
570
562
553
545
541
551
543
556
552
562
566
565
538
590
548
549
543
553
551
553
549
554
557
560
551
563
567
549
550
542
556
555
545
572
539
550
564
555
559
557
553
547
565
561
565
565
553
563
544
559
550
542
541
545
561
568
537
547
551
551
547
550
559
552
546
563
550
567
547
544
553
559
555
568
566
558
549
560
560
565
552
547
582
558
561
561
562
570
555
546
547
558
554
562
549
568
548
546
558
569
552
558
553
526
547
550
546
566
542
565
566
551
558
556
568
553
558
559
543
559
572
567
578
557
554
564
562
558
537
631
553
561
573
557
546
571
554
540
556
546
550
547
565
550
560
566
568
586
543
546
561
561
554
553
531
543
564
537
568
556
574
549
546
557
565
543
547
566
554
562
554
565
555
551
557
559
546
552
560
546
554
570
549
561
558
563
562
549
538
555
540
567
553
547
559
554
558
566
558
569
552
553
570
552
557
573
554
555
555
552
570
564
