411
415
403
403
411
413
408
410
404
418
407
397
400
406
451
400
403
405
406
404
417
397
395
419
414
413
411
391
407
404
396
395
407
417
417
401
408
416
410
414
418
411
419
415
418
399
413
419
419
405
380
417
421
392
412
433
430
390
428
405
401
415
404
420
421
412
420
411
404
400
405
416
408
410
393
415
402
400
414
412
413
414
423
414
402
414
413
411
408
406
410
415
385
422
417
400
410
394
410
418
395
417
406
407
412
406
406
404
411
405
415
400
399
396
398
406
410
388
412
406
397
417
409
407
415
433
402
421
419
406
425
372
407
397
412
420
418
421
447
413
428
422
420
416
413
402
412
399
416
405
420
409
423
396
405
422
404
415
406
411
391
419
414
404
400
399
399
419
409
410
409
405
419
408
413
423
419
415
405
402
405
409
417
413
398
403
395
407
427
403
424
402
415
415
411
412
423
412
395
404
413
410
403
407
415
418
408
406
432
409
413
410
402
414
403
417
390
415
400
419
425
410
405
404
433
412
417
389
406
413
411
413
397
397
408
414
409
404
401
403
410
407
405
407
391
399
405
394
416
419
409
407
392
410
408
413
409
419
425
399
409
411
393
405
411
404
403
414
401
413
403
395
411
420
396
423
417
413
414
403
414
415
406
406
408
394
382
407
421
406
400
416
397
401
424
443
415
398
403
412
410
413
401
427
411
419
409
408
420
409
405
414
418
416
411
412
418
411
431
410
400
401
419
404
403
427
420
407
402
423
406
420
409
415
408
408
407
407
391
417
418
401
403
416
408
407
414
408
412
416
407
403
389
429
407
412
398
406
404
414
423
407
412
426
414
412
399
405
409
412
414
419
406
414
405
425
397
413
404
425
408
411
394
411
408
410
412
430
407
411
405
432
415
406
395
402
393
415
398
395
405
419
415
418
406
406
415
400
412
406
412
405
414
408
406
411
409
404
403
399
409
411
417
409
400
412
424
409
418
400
412
412
400
412
412
410
415
417
422
413
406
417
415
418
411
398
410
415
404
409
422
410
416
408
406
405
410
394
412
414
409
424
397
400
403
410
411
403
402
408
416
394
410
396
415
399
415
414
407
393
399
410
412
419
415
420
394
412
408
391
412
392
400
423
423
424
410
403
417
414
