20
25
23
20
20
19
26
28
26
23
14
24
18
21
18
22
23
12
17
19
15
0
20
24
24
21
18
23
22
0
15
24
16
18
21
9
17
17
15
24
22
19
29
16
8
12
27
15
14
19
28
25
30
26
22
18
18
20
19
24
19
32
13
25
15
16
22
24
16
16
20
20
17
20
26
16
16
23
26
22
22
22
33
27
17
18
24
23
20
15
17
16
0
26
20
15
23
16
17
20
10
23
18
19
24
13
18
20
14
22
20
21
25
22
0
23
16
25
22
18
15
22
24
17
29
24
31
14
21
17
18
26
18
16
27
23
20
19
23
0
13
17
19
18
17
26
24
26
18
24
21
33
17
21
30
18
25
18
20
23
16
21
12
26
16
23
14
24
26
17
0
21
22
15
18
12
20
23
19
24
18
15
13
19
16
16
24
18
9
22
22
13
17
25
23
14
20
12
18
15
25
29
14
25
21
13
16
25
22
21
18
17
15
16
14
19
20
28
20
25
14
25
19
20
18
13
17
23
20
22
14
19
17
26
0
0
22
21
16
0
11
28
7
24
16
19
20
24
22
24
0
29
23
27
19
24
21
21
12
0
19
13
18
15
17
24
19
27
11
27
20
17
25
22
15
19
30
22
27
21
26
16
16
15
16
18
24
17
16
23
26
20
20
20
19
20
0
20
25
14
23
20
20
29
22
22
13
15
16
31
21
32
24
22
27
20
20
17
22
22
11
18
17
22
22
24
26
19
18
25
14
23
18
15
17
21
25
19
9
21
0
27
9
20
23
14
18
20
23
10
21
18
19
12
19
18
17
18
11
23
16
16
18
0
16
23
28
13
25
5
24
20
15
24
28
25
13
13
23
9
14
18
0
18
23
28
20
27
13
19
26
7
25
22
12
21
22
22
27
32
27
11
17
0
21
15
17
20
14
24
20
21
19
22
24
26
15
22
22
23
24
26
15
19
16
24
16
14
19
24
19
22
25
15
23
16
16
17
21
23
21
33
15
24
0
21
25
17
20
15
16
19
28
22
18
19
10
22
0
22
16
23
20
17
19
18
23
21
16
20
19
21
21
30
24
24
19
21
21
13
27
30
17
24
22
20
22
15
22
27
7
20
23
27
22
24
20
16
0
20
