17
32
36
24
31
22
26
25
34
33
30
26
29
30
26
24
34
20
30
24
36
17
23
34
28
26
23
24
34
25
21
32
23
32
19
21
28
22
29
36
28
29
25
29
32
31
27
30
22
17
30
29
29
37
24
32
17
27
20
25
31
32
29
25
31
24
28
29
30
24
28
35
35
27
26
23
24
23
20
31
27
31
33
35
26
27
33
27
22
30
27
19
23
27
26
32
27
20
33
26
32
25
32
23
20
31
35
27
21
24
19
26
28
25
23
26
25
34
23
34
22
29
32
0
30
31
27
31
29
29
32
29
37
26
19
23
25
29
26
36
32
31
22
30
30
20
28
29
28
25
22
26
32
28
28
27
24
19
32
19
32
30
26
30
26
29
30
27
30
37
23
23
28
34
28
29
27
20
30
21
26
20
43
24
21
30
29
26
31
28
24
24
23
33
25
27
37
28
23
33
26
22
25
31
31
34
24
24
25
24
38
32
26
31
33
26
30
36
39
34
26
34
33
32
25
28
21
22
20
27
23
29
20
32
23
24
31
31
26
36
33
24
29
32
29
31
31
27
32
21
26
28
33
27
29
27
26
32
28
29
28
29
25
24
29
30
23
28
33
26
35
23
25
29
29
23
21
29
21
32
27
27
25
25
20
33
38
31
20
22
21
34
31
23
22
33
31
29
22
31
29
19
25
32
25
33
30
32
30
32
21
30
29
29
27
28
21
34
28
26
19
27
32
26
26
28
28
33
20
34
33
26
24
35
25
35
41
33
29
27
35
36
26
28
23
24
20
23
28
29
33
29
29
28
15
35
29
25
16
24
25
24
25
31
28
21
29
36
20
20
31
18
27
27
24
35
25
32
31
27
25
25
27
23
32
25
35
28
24
22
32
27
31
27
29
27
25
30
30
26
34
21
23
32
34
25
30
19
31
26
24
22
19
30
34
30
30
21
31
28
16
28
27
25
36
31
34
20
34
30
23
32
32
21
29
27
21
23
21
35
21
27
27
30
24
30
27
28
26
33
32
35
34
35
23
21
28
24
27
31
28
22
26
29
33
37
29
22
25
23
30
19
29
27
22
21
21
31
26
28
34
26
29
34
26
33
21
24
28
27
26
26
34
22
27
28
32
34
21
31
