358
364
366
355
380
364
349
366
363
370
338
377
345
357
368
357
365
354
362
365
356
359
360
361
328
377
357
346
383
364
354
368
361
351
359
376
374
379
339
352
359
362
336
358
357
323
353
359
361
369
364
352
362
366
362
348
367
367
384
360
351
366
348
366
354
353
349
371
352
370
381
357
374
359
376
363
350
349
369
379
369
340
362
356
340
365
379
358
335
373
354
356
351
371
352
349
359
361
347
361
371
376
359
363
356
369
361
347
358
356
369
377
371
360
359
387
369
372
385
365
363
355
387
369
378
389
371
358
377
374
366
365
368
368
371
374
359
360
355
359
378
375
346
355
364
358
371
370
375
352
361
358
372
378
361
381
342
372
369
343
374
357
374
352
367
360
354
368
359
355
346
350
375
376
350
379
375
362
399
365
353
351
372
366
358
363
365
365
370
371
357
376
347
364
355
352
346
351
357
362
341
359
370
349
365
351
356
356
370
356
374
363
369
375
373
371
357
387
367
373
369
363
362
356
342
339
341
362
378
360
364
368
374
367
377
354
367
364
371
369
375
363
362
371
371
385
368
371
358
354
367
351
351
371
360
356
357
334
374
373
371
365
356
345
372
358
366
365
341
359
389
397
362
366
369
362
343
364
367
361
371
376
377
402
339
359
349
357
333
369
367
351
354
355
377
383
373
366
337
348
371
372
343
360
355
353
360
364
359
356
355
359
355
358
377
358
346
374
382
376
377
363
382
359
348
362
350
377
332
376
380
359
339
365
360
361
342
361
340
377
351
348
378
362
393
377
364
365
356
367
360
380
391
363
372
361
401
370
351
363
360
361
353
349
357
370
365
363
340
380
393
376
342
363
368
348
346
371
368
364
380
361
353
364
371
352
363
356
395
373
360
334
351
353
358
358
348
359
370
357
354
358
353
359
350
349
331
369
350
371
370
360
367
396
352
344
369
358
358
345
368
360
355
369
362
362
364
371
343
359
350
382
346
367
353
353
354
371
360
354
364
364
356
379
382
356
365
365
361
360
379
359
364
365
361
385
352
371
348
371
387
375
340
360
360
349
358
365
352
360
358
342
375
351
367
361
374
366
353
336
362
358
365
354
374
370
366
371
333
350
345
361
365
340
350
350
361
373
370
349
