138
139
162
140
144
157
141
148
146
139
141
126
153
139
125
133
135
134
136
134
138
150
141
140
150
139
137
156
155
134
132
149
121
137
141
146
139
131
117
140
152
150
134
145
149
167
147
133
144
148
154
145
142
137
159
137
163
137
151
151
126
135
131
149
135
145
135
138
147
125
165
149
138
141
146
125
135
144
130
127
127
141
145
147
152
129
135
148
123
125
138
137
156
120
122
134
133
152
151
130
143
133
147
134
126
159
132
147
146
150
139
143
154
142
155
140
137
139
136
140
131
142
153
163
127
144
135
145
146
162
135
144
130
156
142
129
148
134
133
141
135
135
140
148
147
133
161
150
131
139
125
155
138
142
135
131
141
142
148
152
140
137
154
130
139
132
149
132
153
144
130
158
130
147
142
137
151
144
134
142
143
147
128
143
140
146
137
129
141
148
106
152
144
149
167
139
132
134
150
127
135
151
145
141
133
146
148
143
165
144
146
136
135
153
139
131
145
151
133
154
142
148
141
158
143
131
137
137
138
149
147
138
139
131
150
152
137
138
141
155
146
147
147
145
141
143
144
134
140
147
133
149
140
138
170
139
154
137
134
151
142
148
127
139
130
131
163
141
141
135
146
142
143
155
144
140
134
152
165
138
144
158
131
155
136
119
126
132
126
142
137
153
136
139
145
137
153
153
140
153
144
143
139
157
131
171
123
139
138
129
143
131
134
153
139
148
157
127
153
129
143
148
143
143
137
155
126
148
145
136
158
142
129
133
139
138
145
128
143
146
146
137
147
125
153
136
129
133
118
143
128
152
131
152
140
137
142
153
114
157
146
137
143
138
119
146
147
130
149
135
129
154
136
138
154
117
120
138
143
141
134
136
142
146
128
159
141
135
137
114
143
129
139
159
147
147
138
142
126
143
128
147
144
133
134
136
151
132
133
135
130
149
148
136
134
141
136
150
154
156
131
140
162
145
149
141
137
134
130
141
128
149
152
149
151
130
143
158
147
125
153
119
148
153
155
155
125
134
148
134
139
135
135
136
146
138
131
152
150
142
145
137
129
146
107
162
144
150
151
147
123
157
126
142
131
135
136
142
147
164
157
144
143
153
168
155
132
140
157
170
137
161
145
136
142
128
134
145
150
146
