157
137
149
135
153
134
126
143
166
160
139
133
128
146
147
132
149
140
151
139
139
155
144
146
129
143
135
138
140
136
139
173
140
134
125
116
128
165
138
152
154
135
167
145
170
122
130
146
161
143
132
146
133
150
136
114
146
144
142
141
126
143
137
173
152
130
138
149
130
157
146
131
159
138
123
149
135
145
130
149
142
126
151
144
127
129
155
138
149
139
156
139
158
141
148
150
142
143
102
139
146
148
143
137
138
146
128
129
130
132
155
132
155
124
138
135
146
143
153
162
150
142
117
150
148
140
151
152
140
119
151
137
144
142
113
155
134
154
137
142
155
154
137
121
143
134
153
151
144
132
142
129
146
159
143
169
130
125
141
163
149
149
145
143
157
147
130
144
160
142
125
100
132
161
136
150
143
122
151
152
133
148
121
148
114
146
152
146
125
142
135
137
131
150
145
150
143
117
149
119
127
117
139
155
154
141
120
152
158
148
135
143
156
145
147
148
152
139
138
141
135
132
138
131
82
141
143
151
151
125
158
128
139
148
139
140
152
150
155
144
161
149
148
150
134
136
154
149
116
121
137
123
143
156
164
130
157
144
157
143
131
146
150
149
155
139
161
147
117
153
135
150
155
155
158
132
154
139
132
146
158
166
157
146
142
154
146
148
123
144
131
141
143
161
130
147
137
152
132
141
146
153
135
157
144
141
154
144
128
147
147
152
145
140
147
144
150
152
115
154
139
120
175
160
129
98
140
113
144
125
146
136
112
136
144
144
139
135
144
147
122
142
154
143
133
139
138
153
136
126
110
149
141
165
153
146
153
157
135
116
116
151
133
123
138
162
156
150
136
135
163
150
130
151
159
136
152
134
130
148
135
131
142
151
146
147
131
140
155
134
134
135
158
132
139
129
120
153
145
152
123
134
168
126
149
131
128
143
130
142
138
125
141
133
146
137
142
115
133
143
156
135
154
159
148
141
134
176
149
140
148
114
133
150
154
149
151
135
142
140
136
150
150
148
145
128
134
153
165
142
144
150
135
152
136
134
136
140
139
147
145
164
131
142
137
123
129
120
134
160
153
132
140
164
132
138
142
140
151
125
158
125
151
117
144
144
143
126
124
146
140
144
145
123
134
150
136
147
137
155
