95
107
105
99
107
90
100
93
102
111
104
102
102
101
89
106
99
94
95
109
99
104
100
110
81
100
103
99
90
106
98
106
96
93
105
98
103
97
100
102
97
106
86
107
104
78
105
103
100
88
114
98
90
96
109
117
92
94
93
94
100
102
108
106
94
84
102
92
92
94
99
100
100
106
93
99
98
103
99
107
93
100
94
99
98
99
105
103
96
99
93
107
101
101
104
101
96
105
105
92
95
114
98
87
100
107
108
84
104
95
97
105
99
96
96
103
103
107
111
106
96
96
95
106
98
105
99
107
100
92
99
102
103
101
108
106
93
108
96
111
109
107
98
97
107
91
99
107
99
92
100
112
102
111
102
87
92
91
94
115
104
107
98
108
98
102
105
91
101
108
107
92
100
108
95
93
92
104
102
89
101
96
110
85
93
103
102
95
94
90
94
90
95
100
97
96
106
94
101
102
91
96
102
85
96
100
104
87
107
108
108
98
99
104
112
100
91
100
119
114
94
110
104
106
92
97
94
103
98
110
92
108
89
107
104
98
110
98
101
102
94
91
99
98
113
101
82
110
99
87
96
101
94
106
98
101
119
105
95
108
102
99
104
106
105
102
100
108
97
96
109
106
92
98
102
108
86
99
101
93
105
97
106
101
103
109
107
105
96
108
109
99
93
108
93
111
99
92
99
102
98
101
99
103
90
104
98
103
106
98
89
99
101
87
103
105
100
102
96
97
96
94
102
101
107
103
90
98
98
107
98
96
117
99
99
115
110
97
104
94
108
103
105
94
92
98
113
90
86
101
100
92
102
109
93
106
99
94
94
98
96
98
105
101
100
94
100
108
96
102
100
91
107
89
95
103
99
104
97
100
95
89
103
106
103
103
97
106
105
89
87
96
102
103
103
92
102
97
93
93
105
103
100
99
101
93
101
101
108
103
110
88
108
92
105
102
101
109
105
101
98
99
95
102
105
99
106
107
111
98
93
102
106
106
94
106
94
106
98
101
93
103
100
92
95
95
87
98
105
107
101
92
107
105
92
94
108
103
88
111
99
103
97
101
95
102
107
97
108
98
105
100
98
104
96
92
107
88
95
100
105
88
98
105
99
99
97
97
90
105
102
94
102
106
104
93
108
106
110
92
