91
83
71
79
81
91
76
79
99
104
63
66
75
99
94
79
48
71
71
96
58
84
75
76
73
62
72
83
98
62
65
83
55
73
79
76
73
73
63
73
77
67
85
87
71
64
75
103
37
78
82
76
64
87
72
79
82
84
81
62
54
77
83
88
79
61
82
70
77
89
73
78
86
72
59
89
65
78
80
48
82
71
59
62
59
73
79
92
78
88
90
53
70
79
48
62
64
82
74
91
83
102
86
77
65
77
76
64
79
67
64
55
98
70
81
86
87
60
71
77
76
90
95
90
92
86
56
88
74
75
78
59
70
56
78
81
79
76
89
64
67
50
72
77
73
59
88
83
76
79
64
98
66
87
69
89
81
59
71
71
85
80
93
84
77
63
57
75
61
76
54
86
68
88
73
91
71
72
69
77
68
92
53
74
58
85
64
87
66
69
64
77
84
61
87
79
82
68
73
55
79
79
69
63
56
81
85
62
75
80
61
67
79
80
81
67
78
74
81
81
81
73
50
75
74
65
75
84
84
83
76
82
83
67
63
75
84
78
77
72
91
56
84
85
52
73
61
81
72
29
71
65
85
108
108
68
53
85
94
72
75
51
73
92
77
57
97
77
55
90
76
76
101
84
85
69
73
54
79
79
74
68
94
93
77
53
94
78
66
74
64
83
57
86
70
60
80
74
73
79
74
71
60
70
74
71
88
83
67
64
72
82
84
58
85
75
77
71
86
86
91
40
75
79
83
88
60
84
73
89
81
78
72
71
64
70
75
78
90
60
93
80
84
63
59
67
65
80
84
87
88
76
66
81
80
51
51
73
73
75
73
85
77
77
83
90
83
95
64
87
89
80
75
93
80
65
72
76
80
86
73
58
75
70
52
48
82
87
78
84
86
88
65
56
67
90
95
67
99
62
67
76
64
65
70
81
59
74
81
72
91
73
76
85
83
69
90
61
76
76
85
70
89
100
70
59
71
82
75
82
92
89
73
63
85
77
89
62
70
64
74
87
90
79
66
94
73
83
85
62
74
82
60
80
73
84
81
95
52
83
87
84
77
71
73
72
83
55
81
55
49
73
79
85
75
57
79
69
55
84
74
60
71
59
87
89
84
79
67
82
72
67
78
76
73
79
68
82
84
49
