472
473
474
483
495
470
465
474
470
470
485
484
483
481
485
479
475
480
478
479
462
481
484
482
462
480
474
467
487
479
474
478
478
472
513
478
480
494
470
451
477
489
456
476
489
473
473
482
493
483
471
473
484
486
469
468
484
484
494
473
469
472
480
495
482
465
472
481
515
487
488
493
492
483
468
473
478
473
488
481
492
463
483
478
479
479
470
478
470
488
487
472
469
482
478
471
475
476
463
478
492
499
483
465
481
477
484
466
482
471
472
493
475
489
512
500
480
479
474
472
488
468
474
489
483
482
489
485
484
487
489
489
481
476
483
485
481
468
484
482
488
485
462
455
475
477
477
491
494
514
474
478
480
490
493
478
477
492
489
471
485
459
491
476
483
479
476
474
491
477
472
470
484
481
474
479
463
476
485
480
466
477
484
475
467
472
470
483
485
473
475
480
456
487
471
478
462
467
470
481
468
470
481
486
492
479
486
467
473
475
487
465
487
473
481
481
479
485
487
467
477
478
481
470
460
481
482
484
481
486
475
475
487
472
485
468
496
477
480
491
495
474
484
472
475
487
471
471
471
479
478
475
474
481
483
474
483
471
487
492
478
476
477
466
478
479
483
474
480
490
486
482
478
474
482
475
459
467
481
485
472
476
487
497
475
475
480
478
461
477
484
468
465
474
490
493
476
475
478
478
482
467
478
476
488
472
475
490
476
486
481
476
476
469
485
476
448
477
489
510
477
472
493
484
475
486
483
480
464
489
481
476
473
479
462
476
478
481
458
478
483
474
480
482
525
490
477
478
474
476
487
483
468
471
500
484
482
482
470
475
483
478
473
477
483
473
472
492
470
490
491
501
458
482
486
463
515
486
477
486
483
471
525
482
476
472
465
472
491
485
478
467
478
478
469
485
474
479
480
477
475
473
464
469
482
472
470
484
479
477
476
479
474
483
466
462
481
475
479
479
483
467
471
493
482
482
497
488
454
469
485
491
460
479
481
480
480
488
478
486
472
490
476
536
487
468
491
474
478
460
475
482
480
502
484
490
468
487
468
477
508
482
469
466
473
475
515
478
476
476
484
470
487
486
486
485
481
496
486
474
482
473
477
475
471
488
465
484
473
454
472
485
468
481
462
468
467
480
483
464
