49
49
62
63
61
44
45
50
66
53
48
46
47
49
55
56
50
57
42
55
56
49
59
36
60
55
61
58
51
45
51
58
70
55
46
54
57
56
48
57
69
66
52
60
41
28
46
51
38
53
63
46
37
52
49
68
55
48
68
55
48
50
57
57
54
47
58
54
45
55
46
60
42
56
56
43
45
56
34
61
59
56
51
51
56
54
65
49
67
44
69
67
43
48
42
49
63
54
63
55
43
49
51
66
47
42
55
57
57
57
52
39
46
42
48
40
50
47
44
59
51
59
45
56
48
54
45
49
44
54
64
67
54
52
52
52
57
54
62
53
47
54
46
43
65
48
54
47
51
60
52
51
62
60
46
55
47
47
51
58
56
47
46
57
38
65
69
54
58
55
53
64
44
46
40
39
48
68
62
69
50
63
56
51
53
51
44
55
72
48
69
43
55
50
57
49
51
44
47
50
30
57
50
51
42
68
55
39
61
64
49
61
62
51
51
55
54
41
51
53
46
55
55
51
49
62
45
52
56
45
54
60
57
50
57
39
63
51
61
62
63
58
52
70
58
63
51
50
55
58
47
53
63
49
43
41
67
60
40
55
44
65
57
50
48
52
49
62
57
55
46
49
54
54
57
47
57
50
54
56
53
54
56
49
53
46
60
56
53
58
39
60
60
47
65
48
49
57
54
52
57
39
50
45
49
51
55
65
52
57
67
63
46
56
50
53
43
50
66
61
47
58
58
38
65
53
47
50
49
50
43
66
37
52
53
55
56
57
36
46
50
46
55
59
43
58
58
50
55
49
43
58
46
53
55
53
65
62
66
31
57
56
60
55
57
58
56
55
38
55
58
47
54
38
62
48
37
59
49
55
52
57
47
50
66
62
54
59
56
35
54
52
43
60
41
44
51
61
53
51
58
50
50
43
58
58
65
49
51
55
62
59
56
71
61
53
40
55
52
61
44
55
55
65
64
57
54
40
55
46
56
59
57
47
70
59
57
52
48
38
59
58
57
51
54
66
48
52
53
47
51
59
47
47
49
58
63
53
46
50
49
47
49
62
48
54
64
45
54
65
42
64
51
58
52
48
63
48
52
57
55
67
51
43
60
50
44
48
48
61
51
0
40
60
50
52
57
54
56
44
