78
65
86
78
69
86
76
77
79
75
76
77
70
62
69
69
78
70
64
70
96
72
80
79
77
75
79
85
91
78
82
79
70
68
82
77
66
63
63
94
64
84
81
70
81
76
81
88
79
84
87
96
71
60
83
77
62
68
86
76
66
72
59
76
79
79
60
77
95
66
87
73
83
78
80
73
65
81
72
67
89
79
74
83
73
70
87
89
71
90
71
70
65
99
74
85
85
95
77
52
59
83
84
85
86
95
77
88
87
71
85
56
83
78
96
80
67
73
71
78
59
70
65
95
82
86
87
90
66
82
73
73
81
90
91
41
83
64
77
78
64
82
70
81
84
82
73
84
72
82
67
74
66
79
78
68
78
60
85
66
75
65
81
78
76
78
71
81
85
84
75
69
78
97
92
76
72
71
61
69
76
68
74
69
78
84
82
73
80
71
69
79
85
82
92
75
84
74
71
68
86
96
83
84
72
69
75
91
77
71
83
67
88
79
64
88
83
70
56
79
80
80
67
84
89
67
95
78
75
82
69
67
94
82
70
74
81
77
85
79
80
84
74
82
80
69
75
78
87
82
74
82
63
77
86
83
69
84
70
81
54
82
58
81
69
78
75
74
76
68
91
82
81
78
87
70
76
86
91
88
81
98
64
100
75
76
86
75
64
73
68
75
82
76
66
86
81
75
77
88
74
71
63
83
78
82
84
73
75
86
68
59
72
73
87
88
89
75
71
78
82
83
63
70
76
81
71
65
94
74
88
84
81
74
74
75
87
64
82
69
68
77
82
66
89
80
80
91
79
73
76
89
58
86
68
60
80
76
81
67
72
69
93
76
60
78
67
71
72
65
81
86
80
97
67
71
67
76
79
82
76
77
80
90
94
81
87
82
73
75
62
72
70
88
69
78
72
69
62
87
71
76
87
69
75
77
88
81
74
81
53
79
75
62
77
62
85
71
83
91
77
83
85
71
80
66
68
80
80
80
75
77
72
72
80
81
89
83
80
69
78
50
98
88
76
86
79
81
72
84
77
78
52
89
85
96
70
89
94
68
79
72
62
62
68
70
72
69
80
69
84
85
62
66
80
86
73
74
86
91
87
78
74
88
78
85
79
64
72
72
63
96
76
81
90
80
80
76
90
83
