166
177
195
182
200
185
175
184
193
189
171
173
170
182
167
171
171
184
170
181
180
194
179
187
184
185
193
175
166
177
172
167
195
176
181
186
178
158
180
180
190
193
187
184
167
168
177
166
153
165
200
174
167
188
171
185
181
182
177
172
170
177
172
184
160
194
163
182
171
188
178
190
190
168
180
163
166
184
171
175
176
175
171
188
182
173
182
181
195
176
181
174
173
167
184
176
173
159
167
166
188
171
170
187
160
176
180
170
175
179
190
170
177
175
183
175
179
186
165
180
169
185
182
186
167
163
183
188
173
170
178
172
180
172
184
173
160
171
182
167
185
179
172
178
176
169
185
178
186
185
168
184
182
196
168
170
181
172
174
184
180
164
184
173
171
178
186
170
176
178
182
180
182
185
175
168
184
179
193
173
175
174
181
182
166
177
176
184
197
176
202
164
177
169
187
179
173
186
159
176
171
170
179
174
180
184
192
170
179
160
173
180
184
178
180
183
170
172
174
180
185
180
177
174
181
184
185
195
198
164
176
171
185
175
181
182
179
174
183
178
195
190
178
178
185
179
186
171
183
184
171
177
186
173
188
179
191
176
174
172
159
179
168
163
169
180
175
184
174
173
178
173
168
175
168
167
179
180
165
179
169
176
187
157
172
167
170
187
186
180
175
186
172
158
173
174
166
175
177
178
173
188
186
169
175
183
180
172
183
180
188
172
165
173
176
184
184
157
181
160
183
181
182
182
195
176
182
183
189
177
172
201
171
194
161
176
187
176
164
182
173
176
167
177
176
175
159
185
180
178
161
172
187
181
194
172
188
185
183
164
172
175
181
172
180
172
168
171
162
176
184
181
161
190
170
178
169
175
162
163
169
187
186
180
177
178
168
186
181
161
179
185
154
175
172
173
163
188
170
178
171
175
172
173
171
176
180
184
186
177
191
169
181
186
178
169
161
175
177
167
156
183
171
177
182
163
154
177
179
177
165
184
186
179
177
189
179
178
176
158
184
172
174
191
168
170
177
173
173
171
172
181
184
179
184
170
187
182
181
180
178
187
162
189
180
183
196
176
170
172
186
171
184
174
189
181
170
164
179
187
172
182
177
167
171
169
159
170
182
184
175
171
174
177
167
173
171
170
177
186
