88
90
104
86
108
80
104
104
107
104
97
94
105
104
98
98
91
99
103
85
92
103
110
97
108
110
116
100
102
108
93
101
112
97
104
102
97
94
113
89
110
109
104
101
96
88
99
109
97
84
123
100
94
112
100
113
101
93
108
106
107
111
109
104
87
117
100
101
98
100
110
92
102
98
99
85
89
95
90
92
99
102
96
104
111
92
110
98
102
93
107
98
100
102
89
104
117
86
91
106
97
92
94
107
73
96
92
80
112
106
117
90
104
77
102
108
103
108
87
94
103
97
95
105
94
100
101
106
91
91
110
81
99
108
103
88
89
106
88
97
107
104
98
112
100
92
88
98
105
102
100
98
88
106
90
101
90
94
103
101
98
97
96
103
97
96
99
94
108
112
100
96
117
108
100
101
105
116
115
103
84
112
92
104
95
93
73
103
113
90
115
88
110
91
117
83
93
105
92
101
90
95
105
99
93
111
102
94
112
105
100
95
103
105
99
108
99
97
98
98
106
106
104
97
97
108
94
92
114
89
107
97
105
98
104
100
106
92
107
102
97
104
90
103
110
112
110
97
86
91
113
96
89
100
85
89
111
96
96
95
93
106
98
102
97
104
114
94
94
94
95
104
101
101
83
85
113
100
79
105
82
100
95
90
97
79
111
116
89
109
92
100
94
85
97
97
93
85
108
103
108
90
99
85
104
98
96
96
107
100
105
86
98
96
104
100
107
77
110
94
111
99
92
87
104
104
106
83
91
111
116
118
91
111
91
97
107
110
92
98
92
102
99
111
102
98
86
91
112
104
82
90
91
95
109
88
111
111
101
90
100
106
102
97
99
87
107
98
94
112
99
90
99
101
104
101
91
110
90
85
100
105
103
95
108
104
101
99
112
95
105
96
95
101
94
101
103
94
97
79
98
91
102
86
95
98
105
102
101
110
106
95
111
110
100
93
95
94
107
102
76
90
95
105
104
94
98
91
99
100
90
105
104
105
97
101
109
112
109
104
95
98
69
95
94
112
101
92
97
101
99
104
99
86
106
89
108
106
104
90
106
109
99
105
104
91
104
85
96
103
94
105
107
99
109
108
98
89
99
99
107
105
103
102
89
106
95
93
103
109
112
92
101
93
85
99
97
89
104
90
