239
237
259
230
234
250
226
249
229
245
217
241
242
235
232
248
234
231
219
226
239
218
221
227
243
238
246
251
243
217
228
244
240
228
237
237
239
233
235
243
249
240
244
238
244
241
252
241
237
243
225
258
238
224
233
237
255
233
225
218
228
232
222
247
228
242
243
235
242
235
226
246
235
243
242
238
241
241
225
237
238
250
244
241
240
240
228
240
241
235
214
241
248
235
226
237
235
241
239
234
226
227
244
239
245
240
234
255
236
231
235
234
258
251
244
233
222
236
240
224
230
225
231
254
240
246
236
234
248
241
234
227
240
269
233
222
244
238
230
253
231
233
235
241
232
247
256
244
243
246
234
241
245
238
241
227
237
232
251
245
228
235
249
249
226
243
237
233
243
240
237
228
217
234
231
249
242
244
246
240
236
237
243
252
250
230
258
239
244
245
242
242
255
247
253
251
232
238
243
238
223
250
233
246
249
240
241
239
259
245
248
240
228
240
243
243
232
247
228
237
230
235
219
239
245
237
230
241
242
253
230
233
244
253
233
232
234
236
235
224
243
247
258
252
223
246
226
230
233
244
248
258
231
239
267
240
237
232
228
249
237
259
227
233
215
238
245
219
240
225
243
227
249
240
251
241
249
260
251
245
251
253
238
234
234
226
239
236
245
238
225
245
229
230
242
229
256
247
233
243
225
229
237
242
248
249
234
239
233
234
238
238
232
243
231
235
249
229
239
234
254
230
231
255
242
252
247
241
240
238
245
227
221
233
242
247
237
216
231
248
236
239
237
242
258
232
243
230
230
226
231
244
241
236
228
232
226
248
228
230
240
227
252
232
220
241
232
221
235
249
235
250
225
236
252
221
244
233
256
245
239
240
241
253
247
242
228
256
246
236
236
218
226
248
228
230
239
258
236
244
239
242
235
229
247
246
250
241
233
249
225
241
231
220
217
243
222
247
224
247
241
239
239
250
247
226
232
224
232
247
233
245
238
242
240
246
247
237
232
219
237
230
246
254
231
232
233
230
249
236
230
240
217
243
241
246
232
248
229
240
246
233
237
235
241
270
254
248
248
241
241
229
224
221
233
236
229
232
250
267
253
242
243
248
224
233
227
236
238
247
231
256
226
241
247
225
233
247
258
249
