136
185
174
173
184
198
182
165
187
180
185
194
167
204
203
175
179
167
146
195
202
155
181
172
192
203
166
200
168
177
175
178
191
170
189
181
183
204
166
161
199
187
186
164
175
195
168
186
183
199
155
179
176
185
182
179
187
191
170
189
209
181
194
187
158
181
164
188
159
176
174
185
181
195
157
182
183
182
191
172
193
171
197
207
186
183
171
191
187
182
197
193
177
174
177
188
177
177
204
180
185
197
167
187
170
164
194
160
183
167
191
191
159
197
168
192
198
178
197
191
179
185
182
165
193
191
193
177
168
191
198
167
169
203
183
184
179
163
184
180
181
188
171
174
178
187
208
211
174
126
190
189
169
163
186
187
145
179
186
168
190
177
172
163
177
180
203
189
176
178
200
194
184
175
187
149
177
180
182
171
183
190
189
186
182
205
147
179
175
204
198
190
185
195
176
183
176
199
206
154
173
206
173
185
183
176
173
163
177
202
194
189
197
169
184
203
186
170
202
186
189
212
203
205
181
162
176
183
166
185
159
166
192
176
197
198
148
194
161
171
179
161
176
154
174
189
159
175
154
165
147
157
188
205
199
165
160
151
179
198
176
177
185
192
167
198
199
162
184
184
178
183
159
174
194
167
203
172
180
188
159
188
158
178
184
186
174
172
194
187
159
190
150
170
170
155
175
196
194
193
185
181
155
184
199
178
152
183
188
173
161
168
180
172
189
187
165
162
193
181
191
186
183
205
200
184
165
192
193
185
178
185
156
155
177
158
194
177
189
165
182
169
177
166
212
153
153
184
182
197
160
185
178
160
181
196
142
188
183
178
175
192
178
181
176
203
182
188
173
158
170
141
173
184
183
188
168
183
154
173
181
164
179
177
182
134
201
170
187
193
179
183
182
174
174
177
172
165
190
179
156
163
140
191
180
198
196
174
175
171
197
179
189
180
198
185
174
144
179
192
190
195
164
151
186
177
187
166
182
199
192
209
195
177
192
189
167
173
183
182
205
208
175
160
168
197
167
187
215
184
173
186
169
175
160
176
170
173
180
190
152
202
182
189
186
181
190
170
178
138
168
162
183
181
184
176
190
160
195
188
187
190
172
183
177
203
183
196
168
183
159
163
156
182
185
154
180
148
166
170
