226
217
236
222
213
236
241
234
237
231
221
220
230
219
220
225
227
230
230
219
243
231
232
225
245
211
231
238
216
231
234
227
224
240
244
224
229
218
242
258
225
219
227
224
225
235
225
231
215
227
232
233
226
222
242
226
232
223
205
239
244
232
246
208
220
239
229
228
246
222
220
209
216
219
241
229
227
235
225
220
220
237
217
221
225
228
235
228
238
220
215
233
249
221
218
230
236
223
244
238
217
204
218
241
224
224
217
244
216
238
237
210
221
221
260
206
221
226
224
242
219
230
225
223
228
219
218
218
214
223
216
219
233
224
212
228
226
230
217
222
219
226
246
248
240
234
226
214
213
238
234
225
215
204
209
234
236
219
221
237
222
254
211
228
218
224
232
221
218
234
232
225
219
224
225
222
232
219
220
229
231
224
224
221
247
235
224
212
216
238
234
223
244
226
242
230
244
244
232
234
224
238
219
214
215
215
220
233
231
227
219
239
214
215
216
223
224
222
221
233
235
222
228
233
247
226
228
221
217
222
225
218
216
228
225
246
207
213
226
215
208
223
228
224
235
216
228
220
225
233
223
218
238
224
224
224
228
243
229
221
227
231
227
244
235
232
219
237
229
210
223
221
225
217
232
234
245
245
213
218
238
224
214
223
239
230
229
220
240
234
228
231
245
232
214
208
235
223
221
235
223
242
240
227
235
225
226
219
221
225
224
236
228
236
214
232
248
226
211
256
228
225
208
209
242
213
225
232
247
216
227
229
237
230
236
225
233
230
236
221
219
232
222
215
242
216
233
226
239
238
245
221
233
234
203
226
217
218
242
235
227
232
223
233
220
234
222
225
248
215
233
206
241
230
217
230
255
222
237
225
231
231
235
225
226
236
243
237
209
222
237
225
217
232
238
228
236
224
224
225
229
232
234
225
222
234
241
217
229
216
232
225
236
227
246
252
214
224
227
220
227
240
223
218
224
231
215
226
249
245
215
223
252
226
230
230
230
220
233
224
226
214
226
233
229
234
210
233
230
236
224
226
223
208
226
215
231
217
231
223
246
225
228
226
237
232
241
232
225
222
213
239
232
215
221
218
218
210
215
240
231
230
219
226
240
223
227
220
227
247
232
214
243
220
229
240
239
214
230
234
