644
658
602
612
654
652
611
605
615
620
615
630
620
612
623
610
656
641
614
626
599
624
612
617
632
622
608
603
610
618
647
623
635
659
673
612
667
630
643
600
615
673
615
612
653
676
630
611
599
649
645
618
619
629
669
612
618
666
627
637
646
619
640
607
609
613
615
657
614
616
604
614
614
618
665
627
625
618
613
623
627
658
636
618
648
607
601
616
613
659
621
625
670
651
642
615
644
591
649
645
680
605
647
612
670
609
677
611
645
613
642
646
612
605
641
608
637
606
637
620
630
669
630
599
614
604
673
670
669
628
615
619
621
637
649
646
631
644
617
660
628
654
624
599
609
608
608
625
616
609
643
607
681
609
608
676
667
625
599
611
645
636
618
677
610
626
618
645
674
615
654
609
614
648
603
612
619
615
630
686
605
621
613
639
649
621
634
607
634
614
621
601
617
600
669
609
666
634
617
624
649
613
628
640
623
641
611
605
661
657
613
625
637
675
639
646
670
629
646
640
610
620
613
613
608
628
629
618
625
649
614
668
644
652
623
662
633
627
613
615
600
608
630
630
614
631
618
676
601
613
611
614
630
621
603
625
624
653
660
666
633
619
615
625
624
638
678
624
609
622
652
615
630
663
603
655
632
598
607
673
616
603
650
656
646
623
607
622
629
601
619
617
619
635
637
619
673
630
627
599
661
630
627
606
621
606
593
639
608
628
677
635
631
616
607
646
612
628
627
678
662
675
669
603
619
598
632
614
643
598
623
609
609
651
631
619
617
615
611
622
632
648
631
608
640
627
611
635
608
664
680
637
639
635
650
635
621
600
613
627
624
660
604
629
642
628
619
663
650
639
618
618
653
615
626
606
619
613
602
670
612
663
617
679
604
658
628
598
607
635
623
629
620
598
611
680
645
623
615
640
614
626
655
612
626
627
600
590
620
607
644
607
679
621
625
627
611
611
611
603
617
643
618
661
632
617
660
656
620
607
617
600
678
692
624
608
612
628
685
625
617
678
656
586
616
613
609
595
606
602
634
614
622
663
648
593
619
668
637
668
614
669
616
632
630
620
615
618
613
635
626
645
639
615
619
673
651
615
603
610
608
672
617
606
629
670
619
630
620
631
610
662
666
622
601
608
634
620
670
619
