513
509
506
514
513
500
513
510
525
513
517
521
526
508
518
509
522
520
522
516
521
497
518
531
526
527
520
511
505
505
518
508
524
532
503
516
533
509
505
525
515
521
528
509
518
506
522
520
503
515
510
514
516
511
517
501
527
533
512
519
532
514
516
514
523
527
524
512
506
526
525
500
520
519
511
510
500
539
501
528
515
533
534
529
525
519
502
509
521
504
516
518
522
524
523
487
519
518
522
532
524
502
527
531
518
513
530
519
511
526
519
515
527
540
521
508
520
505
508
530
501
506
526
527
517
518
519
499
511
519
510
500
510
534
527
507
525
521
519
512
528
539
526
516
492
528
507
524
517
522
531
516
510
512
520
514
523
540
512
519
511
530
527
530
515
510
499
534
515
526
519
518
504
528
514
539
513
515
530
512
514
518
499
529
521
516
510
526
508
541
520
534
519
522
514
511
512
526
529
533
518
522
519
528
517
523
512
524
518
519
512
514
496
527
518
525
540
519
508
489
512
512
491
510
516
525
543
519
538
520
519
513
530
541
492
521
514
532
507
510
539
534
528
514
520
513
518
525
518
534
527
518
519
511
510
508
518
512
510
526
517
527
514
519
527
513
522
512
507
521
506
512
532
515
522
507
526
523
517
519
525
508
518
530
510
532
514
502
503
504
525
536
531
528
513
497
517
529
530
528
538
513
529
502
499
517
526
527
512
508
511
535
518
505
533
520
530
516
502
520
543
518
531
539
502
521
518
521
539
508
506
516
509
535
533
497
505
514
535
515
514
535
515
527
539
511
494
509
513
525
521
518
505
497
513
525
531
544
523
530
547
510
508
524
503
513
523
505
517
534
524
524
509
508
539
512
517
512
508
517
524
531
527
521
510
522
520
516
523
529
523
522
528
535
505
515
533
529
542
513
524
525
509
508
525
516
532
506
504
512
515
514
504
508
516
525
540
513
550
526
543
515
523
500
526
516
499
506
516
499
536
531
534
509
521
527
534
519
511
517
527
510
535
510
537
534
519
522
510
505
522
520
511
522
520
503
506
506
537
506
515
522
521
541
515
506
514
520
505
511
503
530
527
533
524
519
521
525
526
518
530
516
511
520
521
504
520
524
512
529
523
531
530
504
518
537
507
523
510
516
