457
430
499
492
424
490
465
454
474
454
434
465
479
474
467
475
459
466
444
443
437
467
476
489
486
440
475
476
435
468
500
442
474
482
474
472
452
473
456
476
453
451
458
488
490
463
435
477
455
454
456
496
440
476
468
455
455
472
453
448
469
458
468
444
470
472
468
462
461
445
465
506
446
460
418
469
469
450
450
438
469
463
441
468
446
454
463
490
504
441
443
482
485
473
438
504
485
458
443
433
474
444
471
468
466
459
452
503
463
460
427
487
461
464
455
460
459
457
451
473
458
474
444
481
478
434
463
452
460
454
458
463
472
495
476
477
498
469
429
434
462
452
489
492
491
450
457
451
443
462
501
480
471
449
461
439
492
458
478
458
498
491
460
464
484
488
466
468
459
470
484
466
420
428
475
440
452
444
452
442
458
444
433
456
476
462
448
455
422
517
458
443
466
475
473
452
460
453
452
469
449
497
458
446
480
461
450
500
481
464
473
486
456
458
465
454
446
483
460
474
439
472
447
469
485
477
447
431
460
466
507
468
466
473
483
481
467
444
435
461
427
464
460
461
466
437
475
472
494
480
466
478
452
494
459
485
441
478
442
477
474
468
470
469
408
499
479
469
463
451
431
473
459
478
455
470
435
480
448
447
490
444
466
483
471
446
440
464
451
457
446
449
498
487
439
443
438
449
484
483
471
468
453
469
495
453
473
457
468
488
465
439
445
480
479
484
453
452
443
484
446
463
440
473
494
452
466
451
481
456
471
451
483
488
444
466
467
457
463
446
482
466
452
451
460
450
463
438
466
466
500
460
457
448
446
421
448
457
445
463
446
483
455
448
471
460
468
448
469
426
441
471
456
456
451
447
497
458
477
452
458
478
436
475
450
466
489
479
456
447
448
453
443
475
504
443
451
459
467
451
476
479
483
465
452
428
507
422
460
481
469
484
449
479
493
462
467
485
464
456
450
469
475
458
435
447
467
445
496
470
447
434
499
440
439
466
494
447
449
473
468
447
467
445
487
470
444
478
437
444
468
483
478
471
453
453
463
443
441
458
498
494
474
456
466
474
455
486
453
467
433
441
466
464
480
457
441
489
454
501
442
453
414
444
487
456
477
447
474
470
466
478
466
456
446
456
471
462
446
471
