130
127
117
141
133
137
121
135
127
117
130
120
132
135
121
133
137
140
123
129
139
122
120
115
126
125
131
118
134
131
116
129
134
137
121
122
132
137
136
132
119
144
144
123
121
126
132
121
118
126
125
120
115
130
132
119
112
132
142
142
130
124
115
132
129
131
140
127
127
127
122
119
130
124
141
136
134
134
116
130
126
119
119
119
144
113
127
133
128
128
132
145
119
136
132
131
127
129
132
136
144
119
134
126
122
119
120
136
110
129
134
132
121
130
121
127
145
124
124
119
131
139
132
123
121
123
136
122
138
122
127
124
138
116
117
135
125
119
126
139
125
124
116
140
119
139
113
136
118
134
132
130
125
117
118
123
132
131
110
123
134
131
126
116
133
120
123
114
122
137
129
127
120
110
142
131
130
129
142
135
125
124
134
118
130
135
128
121
122
111
111
149
135
135
131
140
138
116
131
135
129
124
128
128
116
125
127
123
131
121
133
130
106
133
126
127
131
133
127
124
119
123
121
117
140
127
134
119
125
116
128
123
135
127
128
129
125
118
131
138
130
139
126
134
139
122
135
132
128
132
129
133
125
137
136
133
104
138
129
122
128
127
129
112
122
121
132
130
117
120
138
131
135
125
144
121
125
128
134
107
145
126
124
133
130
129
127
126
115
129
125
135
136
124
130
138
119
124
117
121
148
98
140
134
149
132
130
124
127
125
123
128
131
125
119
135
149
137
134
132
136
124
137
133
116
138
123
127
131
141
117
125
120
143
129
114
132
116
129
141
126
137
129
120
133
121
138
135
135
140
126
142
136
128
130
128
131
145
128
116
127
134
111
124
123
122
122
126
126
135
138
129
119
127
127
124
127
137
130
128
119
120
135
121
130
134
125
115
134
124
129
140
120
134
147
113
135
121
119
127
131
145
125
136
125
126
144
115
107
112
114
129
122
121
119
123
146
146
137
133
116
124
141
120
133
149
135
133
132
132
123
132
122
126
113
127
148
143
127
120
123
123
142
135
132
146
124
128
125
132
140
123
118
141
126
130
126
116
135
126
130
128
127
127
132
134
121
133
135
124
125
127
123
118
118
136
147
127
135
121
127
141
132
128
133
117
132
118
127
135
131
141
120
114
138
126
139
133
123
115
