217
196
216
212
226
235
223
216
198
208
203
204
219
200
204
213
245
213
216
224
204
209
216
221
193
223
212
214
228
224
202
193
211
212
223
198
229
224
221
217
192
205
236
205
201
223
249
215
201
219
215
201
209
209
195
225
219
209
209
232
198
216
227
230
199
210
223
210
230
227
234
218
199
218
245
223
205
229
223
227
217
180
206
204
226
219
226
214
209
231
214
218
197
217
214
223
225
228
227
215
212
194
241
228
202
206
222
237
221
230
229
231
212
216
204
220
245
213
205
203
223
229
230
223
196
221
238
224
224
213
243
221
212
199
221
220
210
199
235
226
244
214
202
212
210
203
192
229
211
217
232
217
211
205
189
200
200
227
218
199
220
226
221
232
213
202
217
185
241
210
194
216
211
229
224
225
243
218
209
225
211
219
233
223
205
217
211
197
219
202
205
237
224
221
215
211
209
232
217
197
220
206
217
230
218
212
221
213
226
229
218
210
215
213
228
227
238
205
210
202
224
206
203
210
234
215
220
194
213
201
206
205
206
205
231
244
219
207
215
216
225
218
201
195
221
231
218
221
214
217
218
226
205
222
224
222
218
232
211
227
201
215
212
193
218
210
204
215
200
204
247
208
209
216
206
207
208
203
228
189
221
204
222
216
229
225
228
228
213
220
223
228
225
200
211
235
202
203
215
234
222
221
208
219
214
220
220
207
211
203
215
214
233
214
239
212
249
244
220
210
195
214
235
224
218
227
199
226
223
202
212
214
214
222
223
221
229
235
225
202
227
220
210
194
211
218
222
195
205
238
194
203
218
206
211
226
224
236
203
206
202
233
192
214
208
222
218
212
228
238
218
193
203
216
219
208
229
240
201
216
204
223
185
207
244
211
214
213
215
236
223
220
209
227
208
193
239
226
210
228
205
238
226
206
219
229
230
214
200
222
215
217
208
209
230
203
237
199
225
219
204
211
203
234
224
232
221
207
219
217
217
223
209
227
195
232
217
209
217
228
212
227
225
228
207
217
224
219
244
211
242
208
196
239
217
207
221
228
220
217
221
225
208
203
218
234
205
228
236
186
221
203
201
212
208
226
230
224
220
222
207
214
227
222
208
213
229
212
232
211
228
221
216
220
236
199
215
215
227
213
