573
509
521
523
513
552
513
530
509
509
509
499
512
525
549
527
554
525
562
561
494
533
514
535
523
503
531
511
531
525
533
515
559
516
568
500
559
521
514
542
521
498
505
536
524
508
527
511
560
517
536
532
554
511
505
547
534
523
513
495
531
515
531
521
525
521
530
525
559
520
563
516
570
555
591
517
564
498
530
542
515
521
544
541
527
509
519
506
561
519
501
542
551
531
571
503
505
553
491
522
497
494
528
510
519
547
486
536
537
522
500
545
530
554
536
566
522
512
502
507
514
508
519
566
495
498
518
545
514
485
527
520
533
529
563
539
558
529
508
519
540
506
520
529
503
513
494
544
554
561
494
522
542
533
529
549
543
505
519
524
545
526
526
538
512
574
493
562
508
502
554
507
498
525
512
547
513
519
503
555
514
495
500
505
523
548
547
501
516
528
534
562
507
502
500
507
515
504
540
530
557
513
537
507
555
555
516
535
530
503
513
499
552
542
517
490
545
524
541
507
557
484
548
499
514
550
533
513
558
506
535
516
498
514
529
489
543
547
550
525
516
531
498
547
538
530
534
550
545
526
535
537
520
480
534
552
527
535
516
507
512
529
498
512
521
495
506
518
575
509
514
529
542
522
506
540
516
522
513
503
532
497
535
524
563
514
520
538
493
510
545
547
553
512
555
536
543
487
505
529
570
505
556
491
544
512
542
535
484
519
532
545
500
533
510
541
524
531
492
515
516
528
522
553
511
558
526
521
529
498
526
537
521
530
523
532
496
506
519
527
540
531
567
530
503
538
542
549
519
541
544
537
531
545
508
492
568
506
505
534
542
562
521
528
529
546
506
523
527
521
534
558
514
516
565
514
525
549
544
528
552
525
528
532
522
553
540
524
515
555
552
508
509
517
581
519
511
525
509
559
555
529
529
564
561
493
541
519
516
522
519
518
511
545
563
508
527
539
543
527
548
502
534
545
505
551
542
571
523
531
522
541
543
507
496
494
520
533
499
534
490
533
521
529
520
550
519
507
479
553
520
565
528
517
535
522
548
546
517
512
534
499
523
504
542
548
486
533
511
564
524
524
503
521
563
546
562
544
511
520
538
508
532
505
503
511
506
558
525
516
525
528
540
529
529
542
567
546
516
533
