662
664
662
677
712
672
666
659
693
665
681
665
727
659
708
655
675
682
672
680
654
681
711
671
648
669
676
673
656
713
675
678
663
655
674
674
673
666
727
659
659
660
677
678
661
651
667
659
667
677
674
658
650
717
731
658
666
710
683
703
674
707
655
668
693
722
657
660
660
672
677
645
661
663
670
658
737
714
668
668
673
670
661
729
679
665
701
657
679
649
645
671
668
669
663
686
715
653
650
679
673
666
702
675
665
661
638
649
664
669
680
662
668
662
652
667
672
697
667
698
675
658
688
693
662
659
680
735
696
660
652
666
654
659
684
676
653
652
647
699
676
652
685
658
661
686
699
660
707
666
712
660
651
663
657
658
666
689
667
675
651
673
662
684
668
676
708
729
681
652
670
667
677
731
673
649
664
684
651
658
669
670
638
657
679
669
727
673
656
647
678
674
679
651
657
647
655
680
657
671
677
695
666
665
655
724
669
677
656
670
639
704
655
698
657
684
704
648
669
701
672
656
726
645
665
658
656
659
659
671
671
669
670
734
662
671
664
663
667
659
651
673
730
654
675
663
662
690
678
670
677
666
664
670
646
700
655
706
673
654
665
656
663
648
698
726
670
714
661
680
672
684
669
659
729
653
676
730
675
663
640
672
674
666
666
656
657
662
656
670
674
651
653
666
667
647
655
659
686
652
647
666
657
657
707
652
667
675
661
668
656
643
668
664
672
663
670
649
673
698
672
654
700
669
655
671
667
652
666
679
653
665
669
665
677
662
696
651
656
671
698
654
666
681
665
670
670
661
670
664
659
651
674
655
659
657
654
657
693
681
671
711
662
724
672
672
653
667
658
656
702
677
662
644
669
650
666
652
695
663
656
673
658
674
712
666
697
712
685
677
650
666
670
684
655
670
666
655
709
655
663
666
658
675
658
675
720
669
704
669
672
670
690
663
655
668
671
683
662
681
710
669
660
655
656
663
658
672
658
664
668
675
668
670
710
721
665
673
661
667
710
699
665
654
653
659
650
682
664
658
660
657
672
649
666
701
654
678
648
673
687
665
652
658
660
654
662
654
674
667
646
670
673
673
710
695
677
655
650
663
640
658
649
641
645
649
669
670
657
660
660
659
664
673
658
669
646
650
672
656
