537
565
619
539
548
543
560
549
573
538
544
563
547
575
632
556
547
575
577
542
546
533
518
555
543
575
535
530
549
551
549
539
524
543
556
604
548
565
565
597
554
539
561
567
553
564
544
547
532
577
543
557
552
538
525
555
588
556
561
544
557
543
575
557
546
535
576
590
587
549
545
588
526
571
563
584
565
543
570
567
554
569
523
550
566
538
570
554
555
514
563
565
565
544
559
568
557
570
572
552
566
542
563
552
556
607
529
578
547
561
557
583
563
559
541
546
568
562
527
574
558
535
524
543
551
563
537
575
553
539
578
547
531
554
535
551
556
560
563
590
586
567
538
575
546
540
543
560
566
568
552
569
553
529
551
538
546
580
568
542
582
568
556
553
545
564
566
545
545
570
529
549
619
592
545
559
571
551
543
539
546
562
542
596
563
571
511
542
568
512
569
538
599
578
547
562
556
555
577
569
562
544
580
547
535
555
552
552
556
556
612
562
567
553
555
547
557
556
574
543
563
547
573
523
586
522
523
564
548
555
539
547
550
568
546
555
570
534
560
564
542
543
535
550
562
536
579
561
517
573
530
511
558
560
550
518
555
547
578
597
527
503
571
557
579
554
532
549
563
540
553
551
553
534
574
576
520
567
570
568
575
543
543
556
575
555
569
567
575
536
524
582
573
546
551
592
554
556
555
530
570
539
566
538
557
546
588
543
546
538
562
554
543
536
551
543
551
560
533
561
576
565
544
569
597
542
567
562
556
579
564
558
571
569
534
556
566
551
565
557
556
534
570
551
552
538
548
567
529
564
574
576
603
536
540
560
545
522
549
570
537
535
520
549
528
556
535
532
539
586
531
590
554
549
533
561
538
528
570
551
568
586
565
559
562
536
517
575
576
562
543
553
547
563
549
532
558
566
572
563
574
574
560
528
547
566
544
572
532
498
609
530
564
539
552
582
552
555
531
550
542
567
536
597
536
571
574
559
546
555
531
595
559
568
536
594
552
535
550
572
530
551
571
570
545
531
589
569
556
527
539
568
588
589
543
554
561
533
571
554
557
634
565
558
558
554
571
598
575
547
540
579
539
572
529
540
576
538
544
539
557
551
552
540
589
546
579
539
531
570
559
541
547
598
568
561
567
572
568
544
