713
670
672
665
658
666
667
658
670
674
672
651
674
679
652
658
670
664
678
673
680
676
715
671
662
682
687
689
665
681
669
742
699
674
663
713
663
728
691
672
688
669
666
746
660
658
678
662
714
672
678
683
690
666
672
670
681
670
712
673
677
686
670
663
650
673
652
665
724
696
672
675
665
682
680
661
711
681
664
655
667
729
687
677
689
696
672
666
716
666
664
690
679
676
668
676
659
678
681
670
736
673
681
659
676
679
674
713
661
710
667
671
661
735
662
703
680
656
656
664
655
679
674
714
672
726
674
659
667
735
661
674
692
689
677
677
663
687
681
681
668
672
693
657
670
711
689
678
716
676
676
678
675
708
662
682
680
682
733
688
677
654
665
671
672
670
675
671
676
710
674
641
668
668
670
683
662
665
669
691
675
719
689
681
678
683
679
721
715
656
682
673
663
652
675
671
661
681
670
675
663
668
718
683
661
677
673
678
659
664
672
737
666
675
682
672
674
659
658
650
659
675
673
691
666
667
675
669
689
656
677
684
673
710
666
670
663
669
680
667
669
649
709
675
684
677
688
679
663
681
679
664
666
677
649
684
656
674
712
675
683
686
666
686
736
672
684
683
731
709
664
693
658
676
673
688
666
725
660
678
667
674
673
665
687
682
672
666
680
662
668
676
665
712
665
710
654
679
649
654
666
684
673
679
675
684
684
715
678
684
673
688
681
678
674
672
713
734
682
710
726
668
668
670
669
662
674
662
665
715
728
687
668
668
673
676
728
662
674
736
661
676
664
672
734
712
682
658
689
686
662
669
683
653
659
672
679
653
662
678
716
681
664
659
654
676
662
696
729
657
654
721
665
687
672
700
653
662
671
668
664
664
672
713
679
687
666
649
677
741
656
670
674
665
705
679
665
714
680
681
658
671
663
657
678
732
674
668
674
714
671
680
681
678
678
670
720
669
653
673
667
692
656
683
662
683
685
671
684
672
679
675
666
690
671
673
672
669
674
670
674
666
665
707
656
662
691
661
676
666
680
670
654
662
661
667
734
676
693
699
671
669
676
673
661
673
669
672
651
680
677
657
681
715
689
670
718
706
674
664
667
727
657
668
712
674
684
659
671
661
672
711
718
672
672
683
737
670
659
717
