348
348
353
333
342
359
361
356
356
339
348
329
356
351
349
357
340
359
351
349
368
342
367
341
347
328
344
369
348
351
369
348
357
352
366
325
341
336
368
365
324
331
358
353
331
353
355
341
336
350
343
351
346
348
362
371
345
346
376
357
368
342
348
326
334
369
325
339
348
316
330
342
337
334
344
339
360
353
344
330
343
360
339
357
354
344
334
362
350
338
354
343
353
336
359
362
356
334
368
337
347
329
337
345
347
337
352
364
345
354
331
342
329
353
354
326
356
326
327
354
339
345
324
339
334
312
318
364
340
349
347
355
347
344
346
335
348
364
328
355
336
328
347
340
347
346
352
338
339
365
357
369
333
320
352
341
351
353
343
357
335
383
343
359
327
350
365
355
361
353
358
346
339
352
361
333
339
354
359
338
353
347
343
339
338
342
347
343
314
336
353
334
383
359
334
339
380
364
344
354
349
365
336
352
367
354
358
364
332
332
342
349
342
345
350
345
340
331
332
329
351
341
348
359
342
330
345
352
331
363
333
345
337
349
374
364
319
355
326
347
328
342
344
340
348
324
337
349
351
354
339
355
362
340
346
347
355
353
325
351
346
342
352
338
355
355
344
360
345
341
363
359
348
336
331
356
360
360
339
333
337
330
319
366
360
361
344
357
362
335
350
350
349
348
347
340
326
348
356
358
354
338
366
343
352
337
346
350
338
338
341
354
351
360
339
345
347
340
319
380
328
341
325
347
364
351
356
339
354
335
388
354
362
348
347
345
363
349
378
336
349
354
321
353
369
332
333
338
340
333
373
343
372
352
319
329
341
344
363
337
353
367
353
365
336
343
321
353
354
326
361
346
368
347
339
368
356
353
350
337
342
351
339
342
339
359
363
354
315
337
352
351
358
355
349
339
376
355
343
357
356
343
360
353
348
355
370
343
369
351
347
349
355
365
345
358
345
341
352
349
355
335
354
335
343
347
362
349
354
334
341
337
354
358
355
350
341
337
348
349
344
353
351
340
324
350
342
346
333
362
330
342
343
336
344
339
357
330
355
343
370
324
349
342
350
361
344
342
366
341
353
363
344
339
338
350
338
355
332
368
352
354
322
362
329
351
358
322
355
360
350
358
336
353
334
363
348
343
343
351
