206
184
180
190
185
181
164
178
195
178
190
165
155
172
176
184
172
195
173
174
162
183
172
175
185
174
195
184
189
181
187
171
178
173
183
176
193
172
201
183
178
177
173
169
185
174
177
184
190
176
188
188
190
177
167
198
184
182
173
190
181
173
190
179
165
186
185
168
188
175
200
183
178
169
195
177
178
162
198
186
184
186
180
168
186
181
182
167
194
176
171
174
193
160
174
177
196
170
193
177
165
180
175
174
177
191
176
175
168
200
164
192
193
198
181
174
175
179
185
171
184
192
183
179
188
179
186
197
173
173
182
166
183
180
185
178
174
185
179
185
183
201
181
165
174
171
172
174
184
171
189
174
182
184
179
191
177
184
172
191
190
197
178
175
165
180
182
181
182
165
183
181
176
183
186
171
187
172
197
193
178
171
184
179
179
173
193
186
180
187
179
194
196
186
189
190
203
176
183
165
194
182
192
179
196
173
177
194
199
166
186
190
188
186
201
192
182
182
193
176
181
183
180
166
185
196
187
182
185
181
176
185
196
182
186
186
178
190
180
165
181
202
202
182
185
191
195
175
180
180
186
164
190
187
188
196
156
186
183
160
188
191
195
187
188
186
179
181
184
174
183
181
173
177
163
189
167
180
170
191
183
172
191
186
182
189
188
181
187
184
190
186
190
178
178
197
165
182
180
178
180
186
181
169
182
180
180
190
195
184
181
172
189
183
193
195
184
178
161
191
192
184
175
177
188
159
177
175
179
180
191
188
170
173
185
203
187
169
192
179
199
177
197
185
168
169
191
177
173
185
187
175
201
189
174
170
176
175
190
176
190
178
177
177
180
171
185
180
192
178
173
182
195
198
186
181
177
181
179
193
189
187
193
193
192
182
171
187
162
174
200
175
193
187
182
190
184
197
196
191
208
183
178
188
178
177
172
187
197
187
182
181
161
164
186
186
188
183
187
200
203
186
181
184
184
186
181
190
180
185
178
179
175
187
181
184
183
181
178
177
174
168
183
189
174
188
180
187
166
193
187
177
179
186
192
186
185
183
184
197
191
178
190
187
172
193
185
180
174
183
184
190
187
191
170
185
191
198
183
182
174
180
173
185
198
165
174
198
190
194
176
180
200
183
191
197
182
204
177
176
