444
423
429
418
453
418
410
423
411
404
417
411
434
419
410
410
436
443
421
420
420
458
405
397
405
435
412
434
436
420
427
431
412
429
406
430
419
431
405
409
398
416
415
433
397
428
436
404
422
430
437
414
408
424
429
403
412
428
427
430
422
424
426
408
408
430
414
422
444
424
427
397
425
402
404
422
432
433
413
422
412
411
416
414
425
405
422
435
397
420
450
410
427
394
415
443
418
410
426
415
452
425
390
440
423
418
433
430
413
403
414
436
420
435
447
429
423
422
407
425
434
417
423
428
411
403
415
429
425
428
413
447
444
427
412
408
436
420
414
422
419
401
431
415
414
410
417
412
425
413
432
411
446
430
441
424
420
412
428
415
428
408
420
412
441
441
433
425
426
428
422
405
423
430
419
409
411
420
415
408
435
426
436
411
426
447
427
416
418
431
412
419
399
425
420
417
400
418
423
422
422
422
429
407
428
405
414
432
449
414
417
428
440
431
424
428
433
437
415
404
413
419
414
438
404
431
417
427
434
396
432
422
417
426
439
407
427
403
418
403
431
426
442
427
440
426
415
437
388
417
419
416
402
438
425
427
409
393
435
417
419
414
423
432
420
432
440
424
421
407
412
399
406
404
428
392
419
398
424
420
414
419
431
424
433
447
435
444
400
418
416
435
435
439
417
427
420
434
439
428
421
423
421
405
429
418
417
414
435
405
415
433
425
406
413
439
414
415
421
428
433
413
420
445
421
425
426
421
433
411
404
405
417
416
433
418
416
436
435
445
427
436
440
430
437
411
409
403
415
404
425
416
425
409
405
401
427
431
413
418
411
438
442
414
422
428
445
430
435
424
417
431
427
423
443
420
422
420
415
407
429
420
417
389
426
422
429
400
413
405
426
411
419
436
431
426
439
407
447
419
431
407
422
427
440
443
425
411
426
422
441
420
435
420
406
423
429
451
427
436
425
420
435
415
424
426
404
421
421
440
409
420
450
430
406
415
425
437
412
411
441
432
426
412
433
436
431
409
409
434
409
430
421
437
422
425
408
410
429
410
426
411
435
432
430
429
407
439
428
417
395
401
422
447
398
441
423
422
439
447
417
408
410
440
406
416
433
427
440
440
433
425
426
424
428
408
434
429
412
439
