665
650
650
658
653
666
662
648
664
695
630
691
653
631
662
663
671
646
663
655
645
664
708
651
722
663
668
664
657
673
643
665
683
639
664
665
657
661
716
631
654
709
647
668
656
665
629
672
668
691
643
694
631
666
650
680
680
653
663
663
662
653
646
645
692
694
642
655
656
673
659
643
668
713
636
650
697
647
655
671
668
660
698
652
692
641
668
646
648
685
686
654
677
653
696
657
640
699
645
628
702
687
645
712
699
686
659
642
648
677
660
660
636
643
652
669
667
645
645
660
639
700
638
659
637
655
643
654
692
714
650
646
640
650
638
651
662
669
641
666
676
656
661
645
642
656
656
709
655
692
652
639
649
638
649
640
679
669
662
645
640
674
646
627
635
644
663
647
651
666
660
651
664
653
655
662
665
665
639
647
663
696
628
701
648
662
633
640
659
649
659
669
633
643
648
665
641
659
646
697
641
643
650
659
658
650
667
711
693
671
642
655
645
651
648
697
660
661
659
652
661
638
657
647
639
660
661
680
641
646
664
662
650
694
637
651
649
646
647
650
692
658
664
654
711
670
673
664
637
663
662
646
657
661
659
661
714
655
657
654
650
662
679
685
691
644
649
657
679
643
674
652
716
634
647
673
654
637
648
696
648
651
630
648
641
724
661
644
658
637
678
705
677
634
650
722
655
675
687
652
660
650
664
700
645
661
653
654
645
652
655
638
681
635
638
657
641
673
637
658
650
668
689
650
630
655
665
634
701
663
650
638
660
665
651
672
646
665
639
671
665
645
649
660
643
642
662
653
658
658
632
652
656
660
638
642
637
657
645
660
659
665
659
703
637
640
651
649
664
700
680
647
663
720
642
659
655
701
676
685
654
648
670
719
658
660
636
637
648
638
657
645
664
668
657
674
652
690
704
699
654
645
633
669
633
639
684
648
661
630
660
667
720
638
640
641
635
659
649
649
645
657
645
661
643
638
652
656
646
669
698
704
638
654
699
707
660
670
664
711
657
643
646
653
645
693
653
652
674
647
655
659
657
645
650
641
660
687
670
718
654
645
666
654
653
661
669
654
672
663
657
709
657
687
689
660
633
703
657
675
655
634
671
646
657
649
670
661
650
632
674
652
638
636
653
654
664
674
641
646
