559
573
568
575
571
567
554
569
560
573
577
568
583
565
575
564
581
566
569
554
566
563
543
543
572
556
562
578
553
570
581
573
571
569
564
579
554
572
563
550
565
579
561
568
570
576
553
564
590
569
576
607
557
568
559
569
563
571
560
558
568
553
558
549
568
570
564
584
589
574
547
541
563
564
571
566
552
559
557
559
567
552
550
563
578
537
585
567
593
598
562
572
539
583
555
550
546
555
549
566
567
538
546
542
582
584
547
555
556
560
554
562
590
561
569
551
559
565
594
581
548
556
558
566
541
573
554
552
545
567
554
578
553
571
546
555
554
544
556
581
559
573
603
553
554
557
568
556
563
589
568
571
565
564
561
580
559
567
542
569
559
592
560
562
558
557
552
582
581
559
573
576
557
565
557
571
548
539
566
570
582
568
578
548
539
582
553
556
570
571
577
567
536
562
544
582
585
600
592
545
553
548
550
567
549
556
568
584
586
560
583
564
566
578
567
575
562
610
572
555
550
567
542
582
558
566
557
565
545
576
567
590
562
570
562
576
556
565
573
574
569
553
565
548
564
570
563
554
580
588
594
560
551
559
553
585
576
567
560
566
571
560
582
557
573
575
570
548
577
574
571
575
589
550
565
558
552
539
599
548
551
563
546
555
550
569
557
579
581
551
565
561
564
558
562
573
554
554
577
570
558
562
577
565
580
563
551
551
566
568
578
564
560
557
558
565
574
560
539
562
556
569
561
566
565
579
551
561
556
554
570
577
567
562
552
569
577
553
581
554
556
557
569
555
568
566
558
560
578
568
558
548
561
584
566
571
563
548
573
573
577
557
542
567
572
545
542
546
581
573
557
562
562
570
555
556
570
577
567
567
564
572
557
566
576
547
560
540
557
560
578
578
559
547
564
557
563
564
599
556
545
579
552
545
566
555
560
549
608
550
577
552
535
563
564
549
565
559
568
562
570
556
584
545
548
552
598
586
586
552
557
556
564
564
559
570
572
568
572
572
561
576
571
563
567
573
591
573
579
580
542
552
553
560
557
575
548
553
562
574
567
578
572
551
556
582
560
589
570
570
567
579
577
551
572
581
557
558
553
593
583
541
570
557
547
561
590
577
583
559
541
554
556
561
549
551
555
574
575
559
