511
505
530
529
539
523
509
561
526
560
518
537
577
511
551
540
533
526
542
546
524
505
514
518
495
525
512
549
527
516
530
554
511
514
533
529
545
524
501
524
517
528
523
544
517
522
509
531
569
518
529
541
516
555
517
525
531
535
523
532
536
529
506
517
507
526
506
497
530
576
535
490
522
532
531
520
498
505
497
496
530
512
515
512
516
504
497
565
552
559
521
482
538
557
532
524
531
511
520
532
539
529
477
508
499
505
568
539
538
510
533
515
516
532
520
537
499
493
553
563
521
518
514
530
497
521
517
524
522
501
490
516
556
503
555
528
510
512
538
517
514
527
536
489
509
514
515
534
517
536
525
500
525
499
528
512
503
552
535
507
533
526
488
521
502
515
508
503
493
511
502
556
532
544
521
511
553
489
547
512
560
538
525
558
511
550
529
531
511
497
515
529
549
528
508
526
504
542
541
533
524
509
522
514
511
562
535
540
545
558
502
509
499
502
530
537
534
536
544
497
475
497
473
528
483
486
508
556
519
490
533
544
544
531
530
522
549
525
534
497
523
525
561
574
514
530
573
561
533
518
524
507
526
557
544
543
523
508
523
553
515
532
552
559
553
529
542
494
538
534
519
529
526
540
558
490
506
506
525
531
534
532
509
519
573
507
555
529
518
537
546
522
560
499
497
486
525
552
507
513
548
508
513
531
543
530
501
518
524
521
499
535
511
520
533
526
512
503
503
548
509
508
507
511
478
521
551
497
507
514
507
528
522
536
525
498
527
529
488
532
508
510
537
572
555
556
535
537
533
516
538
548
547
510
484
529
556
542
497
499
509
519
511
512
532
562
547
532
532
510
529
535
514
510
495
562
523
506
503
515
527
525
573
558
542
549
507
534
542
537
528
541
536
524
530
533
544
512
518
533
536
508
531
518
519
558
507
540
571
553
542
525
534
510
510
519
522
532
537
569
508
530
526
514
521
567
517
524
543
538
491
503
508
524
487
519
541
521
519
511
545
504
516
556
517
535
536
501
510
566
515
513
517
509
528
521
520
539
555
534
494
543
514
517
568
530
527
531
536
534
512
506
559
540
515
551
499
530
545
553
510
514
536
516
544
502
543
527
549
544
519
550
531
547
503
495
525
522
507
543
