451
406
415
395
430
401
397
432
410
407
437
379
418
376
409
390
434
420
412
434
390
419
419
428
399
424
403
427
420
403
413
425
379
420
408
421
389
417
419
417
423
375
398
413
439
407
394
393
418
405
431
400
434
410
409
410
401
392
404
391
417
423
391
368
433
412
428
392
441
392
418
417
406
401
431
393
447
406
427
426
416
410
381
421
421
399
402
413
410
397
411
430
404
380
406
405
398
431
412
433
393
402
379
420
440
419
415
412
405
403
386
425
428
388
430
422
393
400
426
404
420
432
416
413
416
380
419
381
429
436
421
410
411
410
434
422
418
416
395
427
406
405
410
390
391
423
434
407
406
401
376
421
405
421
401
400
437
402
388
412
427
428
442
420
412
374
417
429
410
395
412
398
405
443
413
443
369
399
424
444
400
399
429
410
423
413
437
437
421
438
428
426
406
420
411
403
413
384
389
431
398
416
401
410
404
412
420
423
415
412
388
405
405
402
419
400
397
399
430
420
427
415
428
402
416
401
419
403
401
424
396
422
412
409
422
405
429
417
442
395
406
451
432
415
395
421
414
454
428
414
443
401
396
405
412
415
424
414
448
410
418
378
410
436
409
407
410
410
428
408
409
406
403
396
406
431
414
398
416
434
423
421
409
426
417
440
392
442
416
380
427
442
404
419
423
411
414
407
407
399
418
414
414
437
414
397
401
389
407
395
402
429
446
431
393
433
430
416
407
420
416
405
401
392
417
399
414
425
397
409
421
429
416
412
430
422
393
416
411
398
407
425
429
433
376
371
432
438
426
420
407
398
429
421
392
409
432
420
405
407
422
416
410
401
403
457
416
392
419
414
461
451
385
420
392
394
412
421
437
413
411
435
404
448
433
419
445
409
403
399
412
395
421
429
424
418
418
408
423
397
446
406
413
406
393
395
396
412
436
405
409
416
416
427
396
374
417
414
427
423
445
403
374
416
421
412
431
445
408
409
405
419
380
396
400
433
394
426
395
434
382
407
408
415
411
402
437
435
409
439
409
391
400
443
411
408
399
413
395
424
424
420
424
375
388
453
373
395
429
399
387
403
412
423
434
399
407
409
391
440
406
421
399
421
422
398
424
419
396
405
416
397
416
403
391
449
410
428
441
413
