455
452
468
470
467
459
477
475
439
473
474
468
468
454
475
457
469
476
468
463
467
477
478
438
470
478
467
471
467
470
476
475
465
465
454
465
466
468
468
496
468
444
458
464
458
466
441
475
466
478
477
463
443
472
463
474
454
461
462
472
479
454
463
457
476
477
450
473
458
454
456
457
465
454
482
460
465
458
459
455
456
480
445
455
455
441
450
474
470
461
472
456
451
455
443
455
442
460
457
456
469
470
467
442
463
474
473
448
462
478
451
477
478
465
463
468
452
461
477
479
454
464
468
482
454
451
449
464
467
466
470
463
476
473
461
478
461
467
472
480
488
456
466
450
461
472
458
465
452
478
476
459
461
454
482
478
467
467
466
475
483
474
458
452
450
477
466
475
473
464
466
453
474
457
473
488
468
443
465
464
466
466
470
453
463
469
477
468
481
470
477
480
459
466
461
449
472
480
486
446
447
474
458
461
464
452
481
460
476
464
462
475
467
475
470
470
458
466
467
458
464
461
471
456
447
463
489
460
466
463
463
469
455
467
463
462
451
458
458
478
455
465
472
451
462
445
469
457
458
478
501
458
481
451
475
474
482
468
458
468
462
472
484
463
469
458
458
467
466
464
464
469
478
483
464
465
465
455
459
463
478
465
450
460
482
476
466
468
468
484
460
463
467
454
475
470
478
451
479
465
471
446
465
455
472
482
453
466
456
465
470
467
459
474
469
469
478
468
442
445
461
470
477
486
446
461
460
465
478
450
474
446
455
462
443
478
478
453
480
467
446
467
473
465
474
446
467
453
446
471
445
464
488
455
464
478
476
455
455
465
442
472
450
485
479
460
459
476
462
460
458
455
467
461
456
459
473
485
466
459
456
473
450
454
473
451
474
461
469
476
470
468
463
466
450
471
462
467
460
481
458
453
450
472
473
471
465
458
489
442
489
462
460
452
468
452
454
466
453
475
469
460
473
455
447
469
455
456
489
478
454
463
459
482
469
470
472
467
475
477
463
459
464
455
449
457
454
453
473
456
460
465
449
459
455
459
449
437
461
466
464
466
492
462
477
473
464
489
469
475
466
472
473
440
462
470
474
483
470
462
489
454
463
470
455
459
463
461
462
455
454
471
457
466
480
439
458
466
463
474
