544
562
535
565
539
550
565
556
527
560
563
550
547
543
548
579
552
558
550
561
555
548
553
545
583
557
560
544
571
565
554
568
558
539
548
560
550
552
551
545
559
567
542
568
543
547
551
542
555
563
566
573
565
569
561
541
551
555
544
555
564
559
561
563
539
558
551
557
543
549
559
564
563
562
535
563
554
563
539
549
537
544
541
549
553
553
558
529
555
571
544
539
545
548
558
575
559
532
534
546
550
546
559
542
550
564
552
544
542
538
530
553
524
554
538
543
559
550
559
564
548
544
556
551
548
550
545
562
529
540
561
542
548
549
554
555
557
564
564
566
537
565
573
556
558
555
549
544
544
554
540
555
549
545
546
563
545
553
532
549
556
535
541
567
543
556
549
549
573
534
548
565
547
571
557
546
552
545
564
530
526
562
561
549
566
580
548
557
557
576
551
556
561
540
523
547
540
536
543
560
539
535
537
552
549
566
590
562
563
560
560
550
548
556
548
538
557
559
532
547
539
560
541
571
554
535
530
545
552
539
547
543
559
550
556
536
555
569
561
562
559
561
550
552
560
546
563
538
530
546
555
541
556
547
537
555
568
557
548
565
569
574
553
573
556
549
541
552
541
549
547
566
535
557
545
554
544
543
562
555
554
554
557
546
552
547
547
555
546
541
548
561
554
548
557
568
545
549
573
542
549
558
557
562
550
555
568
544
542
546
570
554
547
556
555
560
552
527
543
560
553
546
559
539
564
570
555
542
546
557
550
555
527
546
547
544
554
553
548
540
536
550
557
550
541
544
565
549
568
558
565
534
534
537
553
552
552
534
536
551
575
558
564
523
546
557
561
543
563
546
561
536
555
550
551
539
549
533
557
555
543
540
538
561
574
558
551
537
553
531
554
544
558
543
524
545
531
576
556
554
555
541
571
531
545
546
559
536
555
569
552
546
541
539
549
553
550
564
559
564
570
561
548
551
556
560
543
539
551
546
575
541
552
551
557
534
539
552
552
553
539
562
544
535
554
546
546
548
527
542
583
553
545
553
559
556
571
546
556
566
547
559
561
553
549
566
570
577
548
559
540
524
554
553
557
543
551
530
550
577
547
582
570
534
544
530
559
550
555
543
538
541
545
576
552
537
549
557
543
553
