693
686
700
689
683
695
693
712
687
692
673
684
694
692
685
703
684
675
699
669
696
700
685
680
666
699
690
684
676
714
672
693
678
702
673
692
697
693
723
684
671
699
738
697
685
679
682
678
689
699
684
685
672
694
689
683
702
682
681
685
695
693
675
704
681
687
690
691
696
690
698
692
693
707
702
674
697
705
680
701
677
691
690
682
678
692
694
689
671
692
681
723
692
676
683
689
682
696
687
697
674
714
720
680
694
678
698
691
701
712
703
706
698
681
708
693
719
684
669
686
690
698
668
680
690
685
678
685
688
716
682
678
697
684
696
699
683
686
674
695
678
676
692
696
691
695
686
690
691
691
676
732
690
680
680
676
684
686
704
670
681
728
675
705
700
684
681
700
693
668
676
696
688
675
682
675
680
682
686
687
689
700
681
691
679
674
683
694
696
684
689
695
693
678
691
683
685
689
694
680
682
689
684
686
696
677
681
695
705
679
677
706
676
677
690
703
673
684
692
697
666
717
682
678
704
681
688
684
685
678
710
711
711
686
675
673
693
693
692
699
685
667
686
696
675
690
695
683
680
674
680
688
693
686
679
735
687
686
693
698
680
697
678
690
700
692
683
692
727
688
678
706
683
680
693
686
678
682
676
699
678
694
697
680
685
711
698
689
680
685
684
679
688
691
704
701
672
698
708
675
693
715
695
695
667
680
678
677
685
683
686
692
680
682
684
687
699
680
672
673
689
689
668
668
698
692
689
701
692
700
740
690
692
698
687
681
701
694
685
691
686
693
692
671
716
684
694
693
667
678
674
689
683
679
689
696
696
668
685
682
708
669
683
680
674
692
705
684
698
686
689
724
673
685
693
692
688
684
692
674
678
688
683
674
693
692
676
687
691
697
688
694
678
724
677
679
681
688
692
680
686
676
683
683
690
676
686
679
687
692
699
685
700
674
693
696
686
684
690
696
696
699
687
675
687
695
679
674
663
693
679
695
699
686
675
681
677
692
682
684
697
699
682
698
685
693
682
688
693
679
694
704
702
692
699
689
680
733
696
696
676
676
676
725
682
691
703
692
699
684
700
692
674
707
689
694
702
680
693
683
683
729
676
739
692
688
686
699
687
707
682
711
689
696
695
681
665
665
703
681
