461
471
481
475
474
473
477
444
479
463
478
466
463
485
475
440
467
465
475
485
483
483
473
466
483
472
464
461
453
479
459
484
470
483
459
471
483
471
487
494
458
476
460
475
466
453
494
485
482
461
464
475
443
462
470
461
455
467
483
477
467
497
472
494
459
498
464
493
460
475
474
465
469
469
459
462
491
444
463
458
462
464
452
458
482
467
480
457
468
481
459
472
477
474
475
481
473
482
470
479
477
483
461
470
458
456
480
464
490
462
474
471
467
470
447
461
478
484
469
463
476
487
466
437
470
452
468
467
471
459
455
473
473
456
458
483
478
482
495
462
472
462
472
454
454
463
483
460
499
447
491
460
462
466
466
473
457
471
484
446
469
448
460
460
477
455
448
477
469
475
459
480
479
465
476
480
486
482
487
482
460
468
471
454
464
448
442
454
478
454
472
465
437
467
449
470
470
485
474
475
472
471
461
490
461
465
464
497
445
467
461
480
476
478
484
484
482
489
477
459
487
471
469
462
463
471
486
471
485
477
479
484
450
469
464
474
490
473
482
467
461
466
455
458
460
463
477
458
481
449
457
461
483
460
449
460
460
467
482
483
460
465
473
475
474
467
462
490
454
475
483
492
459
466
446
466
459
468
463
465
451
465
449
465
485
466
499
476
458
440
475
456
447
462
454
480
476
450
452
453
480
450
483
477
462
458
455
489
461
478
470
472
447
486
475
460
483
480
481
477
470
470
484
466
444
464
465
463
467
458
468
487
470
464
462
477
487
456
478
484
459
468
479
448
469
464
472
489
478
486
495
456
472
482
484
465
468
450
484
454
471
467
450
473
481
471
470
485
474
468
467
484
477
458
447
501
447
457
481
484
482
471
468
463
450
479
475
475
480
452
465
489
477
463
492
449
471
474
468
478
487
467
479
471
451
455
471
469
487
469
473
458
471
491
466
454
492
443
478
481
477
473
470
456
458
490
469
465
503
458
478
460
481
476
454
471
483
469
474
471
473
483
469
434
462
465
473
461
462
476
463
469
493
474
469
446
478
472
465
487
466
468
489
476
489
478
447
460
462
457
458
466
478
469
450
462
469
460
466
461
461
457
472
442
461
489
481
472
472
446
470
466
460
480
481
457
463
472
463
451
