586
562
602
646
667
574
588
586
612
597
636
632
580
605
625
598
585
611
588
619
626
645
596
613
571
658
588
603
615
608
624
650
599
643
606
622
595
586
623
619
594
611
582
596
628
599
590
599
588
624
594
582
598
600
636
617
600
641
646
570
610
654
653
597
584
603
589
601
594
603
656
580
579
648
594
567
586
575
628
571
590
596
581
578
607
596
594
605
582
642
587
592
619
608
585
600
600
575
597
582
621
605
607
610
646
583
612
643
635
597
619
597
609
629
601
604
587
608
594
628
578
623
641
617
640
593
597
611
571
589
604
579
669
586
577
628
647
605
594
569
585
591
625
640
600
597
590
594
596
649
613
573
594
601
625
591
620
592
634
638
637
608
601
615
651
587
582
587
626
601
607
579
622
661
611
639
596
607
598
584
641
599
580
593
594
598
643
591
580
597
597
643
643
647
600
591
591
616
608
579
602
633
589
645
576
581
611
583
594
589
628
625
596
609
580
616
596
656
609
612
581
641
597
610
584
618
621
636
602
580
597
600
633
578
567
580
578
586
607
612
619
596
606
603
591
598
613
609
641
601
635
593
622
622
602
590
583
569
638
606
589
621
604
598
613
595
604
581
628
588
600
593
602
590
629
590
567
634
591
655
617
619
608
589
600
580
631
586
594
653
605
571
652
596
554
583
625
598
592
666
590
569
615
619
672
607
603
581
614
608
577
601
556
596
618
625
600
585
570
636
602
603
576
606
567
612
568
599
579
604
598
603
604
601
589
572
621
607
606
585
599
592
630
614
605
606
636
567
580
586
591
607
643
604
603
585
591
608
594
609
595
610
598
578
597
621
576
635
590
630
611
576
582
587
602
569
605
587
613
600
601
593
611
663
617
588
593
647
624
627
608
636
614
598
611
581
577
625
592
629
611
599
601
617
620
664
650
613
645
571
608
578
648
606
605
591
618
585
624
626
576
578
587
615
606
586
581
625
629
597
588
612
610
600
596
590
580
600
593
591
620
592
643
606
621
611
600
597
620
614
593
604
637
600
614
584
632
596
593
605
609
641
598
602
638
616
600
600
617
608
639
644
625
663
590
602
593
611
594
612
603
601
597
590
591
594
617
572
589
615
617
620
617
588
596
569
628
571
583
653
