591
609
608
641
626
620
625
625
599
598
635
607
606
606
599
598
639
589
623
583
627
623
623
608
625
629
613
607
585
634
624
624
646
614
610
620
624
621
627
616
620
616
634
610
631
650
624
595
669
626
613
612
627
604
623
625
615
630
600
643
642
622
602
607
623
654
626
623
611
602
625
621
597
623
628
604
634
633
596
648
610
622
628
627
628
649
639
611
608
606
607
644
626
625
631
618
633
617
619
604
612
592
610
619
625
625
612
626
632
613
641
624
620
619
624
609
609
638
618
603
605
608
595
591
602
644
629
600
612
628
629
637
630
646
611
604
619
627
605
623
639
642
618
606
620
632
615
626
630
619
620
596
639
606
641
607
632
629
617
609
605
607
614
608
608
627
641
627
620
620
646
615
633
588
621
601
618
624
652
602
634
600
647
618
620
614
633
592
633
622
626
620
632
638
604
609
612
629
633
640
619
664
621
641
630
619
611
633
622
612
629
627
619
610
609
627
617
622
617
620
636
607
675
606
616
642
642
606
611
609
628
625
624
628
624
618
619
600
635
619
605
633
608
605
638
616
630
645
636
674
623
621
621
588
620
620
637
605
600
617
654
631
624
609
593
635
589
636
634
594
614
605
592
598
619
631
620
642
599
605
630
603
573
599
624
644
593
613
630
619
616
619
627
575
622
631
616
621
622
600
619
617
642
629
619
632
613
603
607
616
631
598
638
637
612
621
617
632
601
625
647
646
608
604
611
599
633
620
608
610
608
652
622
641
616
620
625
607
597
626
601
614
606
620
639
635
631
639
609
604
606
615
625
615
619
651
645
634
628
639
606
622
619
624
618
598
622
613
633
615
618
613
659
593
618
636
631
613
618
646
623
640
629
617
655
633
611
609
626
616
592
609
633
648
644
619
597
633
591
638
632
628
629
624
621
622
646
625
618
621
646
630
624
600
606
615
612
618
610
622
611
646
612
598
599
637
631
618
611
608
611
597
614
644
604
624
599
629
621
652
619
643
583
633
631
592
617
634
633
628
620
590
634
618
616
612
618
626
648
619
621
638
614
622
621
618
599
666
620
642
643
649
619
608
623
640
611
627
631
638
622
624
627
632
620
626
604
604
644
644
620
629
643
622
654
621
611
626
608
629
