619
625
620
611
623
615
631
640
621
626
629
618
621
612
616
647
625
602
614
615
634
631
620
615
653
618
626
626
615
606
611
628
601
615
640
622
643
610
618
614
626
618
612
620
626
637
635
621
628
623
635
634
637
631
625
629
617
619
633
636
632
645
616
624
621
624
620
627
615
638
632
622
632
616
629
631
632
620
604
620
640
614
613
620
629
630
618
629
639
634
617
623
616
621
638
631
617
611
619
618
613
596
624
616
622
621
644
635
623
629
619
631
610
620
630
614
615
630
619
642
628
622
635
620
631
622
634
611
595
608
624
621
620
632
631
614
623
641
604
620
622
625
645
641
628
635
631
618
628
630
621
614
617
615
622
621
624
646
617
641
594
619
624
633
615
641
625
632
655
616
611
634
635
605
607
655
622
623
628
604
619
640
612
616
657
644
622
631
609
634
624
629
616
604
621
640
617
621
625
625
638
642
638
638
608
633
637
623
614
616
622
645
602
615
615
621
631
641
629
630
637
618
611
617
611
626
611
629
630
611
626
636
619
607
622
627
648
632
625
611
645
616
621
632
621
617
623
623
623
606
634
627
636
616
622
630
638
628
610
632
622
643
625
616
645
633
596
601
612
622
640
624
626
626
596
604
622
599
615
628
633
615
633
642
630
636
609
638
618
599
609
630
620
643
640
630
596
621
621
638
631
640
623
642
622
622
619
627
626
621
616
618
613
626
611
626
652
606
619
620
629
610
644
631
613
635
618
615
617
617
619
634
623
643
645
638
624
614
622
609
616
640
602
623
618
638
628
617
624
618
635
641
614
613
651
616
616
612
625
631
624
638
606
614
629
628
619
614
631
614
640
604
640
650
607
625
606
597
627
641
634
631
628
627
632
642
645
598
634
601
603
627
624
595
608
619
618
626
629
615
645
639
627
609
617
612
620
616
641
639
625
620
610
620
647
632
626
617
636
635
627
635
642
671
630
640
621
622
614
607
651
615
621
623
620
625
608
615
611
615
630
620
609
627
612
620
619
621
600
608
605
603
612
615
637
611
638
655
627
642
619
640
619
616
613
630
625
636
599
622
625
633
612
616
617
624
626
624
624
622
641
620
655
614
622
617
631
618
640
626
619
618
618
647
634
621
621
609
620
650
