691
644
642
606
627
639
648
631
620
631
653
640
641
641
635
630
666
639
658
632
627
689
663
645
614
626
629
642
642
644
649
637
613
651
653
631
638
639
684
631
679
624
652
641
653
650
632
647
651
681
674
653
651
652
630
685
640
640
668
631
640
638
620
653
633
630
610
632
638
631
655
679
632
705
634
646
651
639
661
628
707
646
644
681
617
648
631
650
631
653
623
624
649
703
653
635
675
652
695
629
639
645
647
651
690
647
709
674
675
627
707
690
641
631
641
641
706
653
648
677
703
646
654
632
652
643
661
655
636
683
623
640
680
687
617
653
706
625
640
645
641
640
646
645
638
656
638
688
651
681
630
647
675
623
653
640
651
657
650
633
645
643
674
641
650
656
607
650
633
687
636
618
665
649
663
653
646
627
643
607
644
687
663
646
638
706
660
648
661
651
615
660
693
684
646
642
652
642
653
646
660
629
656
652
661
688
638
659
679
642
636
632
664
627
647
642
686
655
639
646
633
663
647
636
637
674
627
645
646
641
639
674
638
642
632
658
636
659
638
641
634
645
636
661
642
611
638
626
643
640
648
639
617
650
686
662
631
654
641
628
648
608
659
631
648
637
674
636
633
632
641
641
635
673
682
643
664
700
640
637
650
641
652
650
647
709
670
639
702
631
638
677
624
685
614
652
634
630
620
639
629
654
657
642
638
636
624
623
655
640
629
629
684
644
635
643
641
654
690
643
642
654
701
649
623
658
631
643
654
635
630
638
655
620
638
678
640
641
660
646
632
690
639
631
656
639
682
634
683
645
643
668
645
647
648
655
663
676
686
658
645
643
666
627
701
674
650
642
645
625
639
639
633
658
652
636
674
685
689
681
625
647
632
649
639
634
650
641
642
670
678
631
646
629
668
641
654
649
683
652
628
637
668
643
636
686
655
642
641
629
645
628
659
628
620
633
650
659
647
637
630
641
641
664
635
663
701
651
630
621
629
682
661
643
673
668
638
681
623
664
624
650
628
630
645
640
706
641
648
665
639
622
644
623
691
685
621
632
713
624
638
639
656
621
657
651
615
652
638
691
629
692
643
643
644
647
625
647
625
631
678
621
680
641
675
687
656
649
682
678
636
678
651
698
643
657
637
645
649
638
