338
314
320
340
363
342
360
325
329
326
335
343
349
321
366
355
331
354
342
344
332
307
319
309
329
357
338
308
353
362
322
348
318
329
318
328
349
344
348
311
335
348
348
339
304
331
298
315
306
330
348
328
313
321
330
346
340
343
363
336
306
343
344
342
305
335
329
338
353
338
347
341
329
347
351
326
338
341
329
334
340
335
294
331
319
342
333
337
339
330
346
332
330
320
347
351
331
349
338
330
343
325
330
345
330
329
329
334
339
363
382
344
345
322
345
332
381
345
300
356
355
336
325
328
355
330
363
314
324
308
330
329
334
352
316
353
323
323
354
353
349
336
308
364
334
332
328
330
330
352
359
317
326
337
356
361
327
346
316
363
326
355
345
342
324
316
330
323
312
330
316
313
328
344
326
347
345
321
345
327
349
349
347
343
339
351
326
335
321
293
322
347
335
329
327
358
314
331
337
321
357
337
333
336
354
331
303
334
327
322
344
340
337
332
345
342
340
333
317
320
330
332
320
315
320
324
320
333
324
333
335
328
301
340
326
332
342
312
360
370
323
322
326
336
326
332
320
313
313
321
339
312
335
372
334
351
309
362
343
333
310
344
338
365
324
321
352
335
304
320
363
325
331
326
365
325
309
350
342
322
354
308
340
323
343
365
327
328
332
319
347
353
333
318
339
343
329
305
335
337
329
300
336
353
348
318
337
326
324
325
329
328
353
312
354
357
343
337
314
304
325
374
368
306
332
338
309
372
343
354
334
345
334
342
318
329
331
352
340
390
314
358
352
331
347
311
327
329
338
347
329
352
349
313
324
344
323
351
322
330
324
362
329
341
327
331
328
332
315
342
342
314
315
367
301
322
329
331
360
317
341
344
329
340
328
342
323
303
313
344
349
346
317
336
359
338
346
328
320
349
330
338
309
354
331
342
334
344
315
330
330
325
331
308
335
316
352
321
330
342
274
354
325
356
349
345
327
329
359
341
335
346
338
330
335
330
327
346
321
378
328
327
356
337
322
336
351
337
334
339
346
328
337
357
333
326
327
341
352
334
350
312
339
326
337
362
335
341
335
348
346
335
319
313
351
335
350
338
334
335
323
334
334
353
330
372
335
325
334
325
358
334
324
312
361
340
336
345
366
314
