297
293
301
309
298
290
301
299
306
280
295
294
302
302
310
307
304
301
305
296
290
310
303
297
285
290
301
318
299
311
306
305
304
301
294
313
301
288
284
286
293
300
284
289
298
312
297
294
282
301
306
284
291
310
300
271
287
322
280
295
303
297
309
282
296
300
293
291
291
304
304
290
286
292
315
305
318
302
284
283
299
289
273
290
309
289
291
299
295
302
294
296
319
278
295
294
298
296
305
291
323
299
303
282
303
306
303
309
307
305
294
314
310
303
312
293
303
307
286
298
308
290
297
287
289
275
297
297
286
299
279
302
309
319
295
285
295
288
304
294
285
293
293
294
293
295
301
303
298
311
288
297
277
315
313
278
299
288
306
299
320
285
287
309
313
305
300
294
291
306
298
313
289
304
296
285
291
304
298
306
304
290
292
280
310
307
300
293
286
303
284
304
294
293
300
299
276
292
311
305
290
302
303
315
295
294
294
297
335
297
289
295
298
299
301
300
306
293
307
271
272
304
305
309
272
303
290
313
304
296
296
300
294
300
295
286
305
299
308
298
306
305
312
308
307
304
309
311
289
290
299
304
295
298
300
290
295
296
286
299
296
293
301
304
292
301
312
298
312
290
300
306
285
298
303
286
277
290
294
310
299
283
294
296
301
313
313
303
288
301
316
297
320
295
292
300
298
301
297
308
288
279
295
282
296
294
298
310
295
290
297
295
294
299
299
301
297
304
281
280
305
290
284
287
302
290
282
296
306
280
294
294
307
297
291
295
301
296
319
302
289
307
306
293
295
292
294
292
300
291
297
311
318
286
300
301
307
304
301
297
292
313
297
284
299
285
312
304
288
294
303
296
304
303
303
292
307
292
308
291
297
298
308
298
308
296
295
291
305
290
300
277
293
309
308
304
312
282
312
311
303
298
291
295
289
310
289
301
296
291
291
293
305
297
295
301
292
316
309
302
303
288
299
304
317
293
281
298
288
308
297
283
316
302
304
304
297
294
281
291
303
290
295
292
294
317
303
292
286
284
294
291
296
310
293
296
289
303
302
293
310
283
318
303
306
311
304
304
313
293
289
311
312
306
294
305
299
288
300
301
317
306
298
286
299
295
298
300
298
319
292
311
305
290
285
293
301
303
287
297
