545
534
577
591
569
596
559
585
532
553
566
605
527
598
579
556
594
564
544
589
573
594
566
589
539
567
546
547
512
546
551
581
566
570
557
562
540
585
553
546
559
587
569
564
566
560
574
595
547
523
577
551
550
570
598
550
535
595
562
594
580
569
606
558
556
585
576
541
543
561
574
577
521
565
585
556
556
542
572
581
580
564
542
559
587
552
591
544
551
539
563
555
571
576
592
570
576
550
545
572
606
556
602
547
560
569
576
539
583
544
553
588
534
536
561
564
547
546
562
594
550
562
592
565
560
538
575
586
557
598
550
594
551
508
566
589
591
577
572
556
572
544
591
535
561
559
518
578
590
536
626
570
535
591
570
550
541
552
559
527
547
574
578
573
546
543
582
535
554
580
586
527
616
567
540
536
591
610
586
597
563
540
540
537
545
578
573
574
595
593
593
570
528
580
563
573
565
576
577
558
554
558
557
570
580
567
560
568
560
540
546
554
551
611
557
560
572
561
559
578
581
532
556
574
561
564
567
561
557
564
527
598
542
541
561
552
572
548
562
528
546
563
541
574
573
563
569
540
527
556
564
558
567
576
514
573
546
546
575
535
576
566
588
576
591
573
555
540
596
542
586
541
543
555
537
566
532
557
547
573
557
588
557
569
558
583
551
546
560
547
542
559
546
567
578
614
535
563
539
534
546
552
552
573
544
537
550
579
568
544
565
555
552
578
568
531
553
552
532
546
566
521
567
584
556
575
573
584
515
570
581
563
592
547
577
542
561
535
535
561
560
568
555
560
569
573
570
540
565
572
560
600
577
550
571
576
537
574
564
574
546
546
539
572
562
570
565
605
582
542
554
579
575
551
567
552
562
577
541
605
617
558
559
551
532
569
542
559
548
576
536
547
530
541
587
543
542
537
566
591
535
565
586
560
552
541
564
554
556
594
601
561
561
572
543
540
565
532
574
562
590
567
572
566
559
579
603
549
619
546
554
601
599
586
534
550
586
558
561
553
579
565
559
534
592
594
547
546
544
545
547
548
589
576
542
584
563
572
579
599
526
585
588
565
609
585
528
576
528
533
557
573
549
541
562
585
545
542
544
547
586
596
536
579
546
525
537
597
552
542
591
559
534
547
540
557
541
583
537
572
