697
684
696
681
666
706
677
678
680
677
682
714
691
670
684
669
687
696
682
700
674
685
692
679
706
699
683
684
688
687
689
679
677
680
690
691
668
688
689
672
685
670
735
684
684
671
672
674
689
683
687
678
691
697
670
666
691
682
694
691
687
693
685
695
665
681
698
675
671
703
681
676
669
688
682
683
716
697
679
677
695
683
657
705
697
699
658
692
680
680
684
668
696
662
671
687
716
670
676
662
679
665
673
688
691
671
676
683
693
678
673
682
681
691
672
680
670
693
665
690
681
682
676
691
677
689
677
664
686
690
685
672
670
680
700
682
689
670
707
680
672
690
697
674
691
692
687
695
699
682
680
679
693
677
687
667
673
692
665
672
694
717
698
674
691
670
671
685
693
680
683
672
671
683
682
662
710
676
689
679
680
683
682
673
678
669
695
682
683
690
695
687
678
696
680
690
694
682
710
669
702
684
677
662
674
668
697
693
678
687
679
681
700
718
669
685
715
667
685
676
695
684
672
665
687
669
683
680
671
683
675
671
682
701
689
696
655
665
680
698
687
677
684
683
699
665
693
671
686
686
685
693
678
660
688
670
692
684
682
684
675
693
688
675
676
695
693
712
677
686
702
667
690
661
694
667
698
665
673
699
685
691
668
676
660
724
680
687
680
687
668
688
692
685
681
666
686
691
664
666
682
697
670
670
695
686
680
690
688
696
681
690
697
701
688
674
672
693
696
664
699
700
677
657
687
679
672
677
676
679
672
680
670
680
701
681
685
682
655
679
684
692
684
683
681
676
681
680
684
675
658
680
685
672
680
686
696
678
686
671
674
688
685
680
668
693
690
692
688
674
668
674
675
681
694
676
687
688
663
690
657
673
688
681
690
724
684
679
681
676
704
675
695
682
687
676
669
683
679
698
696
664
688
691
669
692
690
694
691
694
692
676
679
695
689
694
684
696
656
683
682
671
676
687
676
699
693
702
684
684
696
685
694
681
679
697
679
725
705
678
686
700
725
686
689
692
670
698
671
690
680
702
701
682
691
699
684
709
680
673
679
690
675
678
687
721
685
686
688
673
683
675
686
691
683
687
690
689
689
666
691
687
686
682
681
682
679
671
685
664
660
677
679
698
670
677
687
698
672
691
