458
462
471
473
466
475
469
458
462
435
457
485
457
491
457
482
492
459
454
445
464
432
472
451
443
476
493
439
484
441
426
447
433
450
435
461
460
485
488
500
471
457
452
471
470
469
493
463
459
425
503
448
444
458
435
413
476
457
457
426
452
470
459
443
453
443
429
473
504
450
480
452
435
485
465
448
483
482
446
482
460
418
456
460
455
489
417
483
460
462
464
459
455
447
460
456
447
465
463
442
505
439
498
439
459
469
443
472
467
504
496
435
468
425
445
460
459
489
488
467
461
455
421
495
455
472
467
444
456
450
443
451
486
450
442
460
474
471
464
492
491
438
425
467
472
461
326
456
459
440
469
467
479
459
468
465
470
469
466
440
470
465
453
440
477
474
440
461
444
476
447
453
473
506
500
438
474
486
445
449
471
489
482
443
432
460
451
451
486
425
456
457
479
450
474
479
456
473
470
444
493
465
462
468
462
441
444
469
458
449
453
462
477
438
464
481
457
459
454
429
449
497
452
448
493
433
451
460
456
453
457
485
433
459
465
510
483
481
429
463
462
475
491
461
458
450
463
443
424
461
445
468
450
449
452
430
457
477
468
495
423
471
463
459
450
463
467
443
452
473
468
450
449
456
459
465
448
485
468
427
456
485
500
445
468
445
461
448
448
482
450
455
461
452
465
456
440
486
441
455
466
430
446
460
496
455
441
449
443
447
467
430
511
462
459
477
433
469
460
463
443
492
500
446
443
456
447
447
454
449
429
465
474
441
419
480
453
502
496
452
468
463
460
464
435
471
469
475
456
474
476
515
447
430
449
478
476
459
452
440
442
426
440
450
437
470
444
497
477
450
478
444
453
448
454
499
466
458
470
455
467
477
459
452
502
457
470
470
449
469
486
448
448
480
467
483
455
439
482
502
460
497
454
452
422
477
485
461
440
450
468
426
444
457
463
472
484
487
479
468
449
454
466
482
455
473
469
437
431
467
433
486
461
466
455
466
465
449
446
495
458
442
458
477
476
446
448
468
438
451
454
434
439
461
467
464
452
425
486
448
464
433
493
468
453
471
454
468
465
443
463
502
441
508
450
469
486
444
453
447
462
448
495
458
462
451
462
454
471
435
441
451
443
451
480
443
459
504
484
433
