614
596
611
592
622
613
608
603
572
591
570
563
584
607
610
614
621
590
627
585
603
596
607
597
617
572
608
619
582
559
591
634
599
629
588
595
640
590
606
634
605
577
608
578
621
579
625
597
608
614
596
603
594
581
607
594
599
602
601
572
594
611
608
597
599
577
593
572
592
556
588
593
597
596
606
601
622
575
590
601
590
584
615
596
583
594
621
613
581
584
594
606
609
603
616
579
597
605
580
596
580
609
570
578
595
586
593
594
608
595
586
570
618
593
613
617
599
585
593
575
601
612
627
597
602
585
587
588
599
593
604
602
607
602
602
584
576
618
602
582
589
594
602
596
603
598
582
594
604
577
634
591
578
601
591
595
593
588
589
599
597
622
597
600
597
611
621
590
572
584
596
601
647
616
591
609
628
623
566
594
635
585
607
587
592
627
628
583
613
597
589
604
615
577
573
598
612
607
620
605
588
605
597
563
615
571
616
605
610
591
599
561
600
594
594
602
583
588
587
602
578
574
594
627
585
595
607
592
613
589
591
599
622
598
616
642
602
591
599
596
587
632
597
612
604
619
602
586
607
591
616
595
587
575
606
604
583
587
589
578
596
584
595
589
619
595
617
601
620
574
583
573
654
600
598
579
629
582
614
602
580
571
605
594
591
606
594
629
591
586
598
609
596
611
585
596
597
596
563
579
582
583
614
594
622
618
610
592
597
601
585
585
607
584
586
584
592
595
585
601
633
577
648
617
623
611
578
612
609
568
593
607
587
599
590
595
602
611
631
587
590
618
593
604
586
551
595
630
595
634
584
614
581
608
598
596
579
604
596
609
630
604
600
600
612
592
572
593
600
577
596
607
588
611
630
613
601
601
613
593
595
618
706
611
595
595
585
574
598
552
586
584
609
601
600
596
612
615
575
603
623
606
568
614
610
602
640
604
616
589
592
598
602
592
582
590
603
587
626
609
592
569
603
594
585
573
643
599
569
617
611
593
610
628
579
606
611
575
598
588
594
596
607
603
594
614
592
599
580
576
604
606
585
598
575
614
591
598
600
596
621
580
595
602
590
582
590
580
584
609
626
573
590
587
604
606
583
597
608
625
600
614
567
586
605
598
616
603
596
616
601
604
587
611
602
631
623
607
585
579
