561
565
598
568
546
560
553
559
544
567
584
555
548
554
537
562
534
548
540
562
555
538
563
555
566
573
567
546
555
595
581
575
605
548
567
571
603
563
556
599
547
565
583
551
523
582
566
587
588
550
549
590
547
603
548
576
550
548
544
560
571
589
589
522
582
578
548
563
560
589
543
564
575
612
570
559
552
556
561
578
572
561
548
545
561
557
523
558
603
553
538
556
541
573
542
611
589
595
581
547
550
542
589
559
597
547
569
549
562
561
552
555
539
577
619
559
583
537
579
534
547
556
589
603
536
554
561
566
550
562
574
572
593
608
573
536
570
598
565
562
525
577
580
575
578
562
558
540
560
573
549
585
554
575
544
523
557
581
574
529
561
546
550
551
577
548
590
556
533
559
559
575
540
528
562
552
591
567
547
537
563
589
575
576
575
602
609
535
571
559
594
554
564
605
573
586
538
565
611
575
565
564
572
553
556
569
573
584
587
590
547
588
537
541
561
549
606
555
558
549
551
557
542
560
614
556
548
554
608
565
598
568
593
538
619
564
549
538
539
536
537
615
553
550
555
556
537
563
599
560
593
582
588
537
531
629
546
584
574
553
552
542
541
550
572
572
542
549
616
598
542
540
558
560
601
570
590
560
552
563
560
541
571
541
601
557
585
581
565
544
560
560
553
551
565
554
551
551
600
540
563
557
599
551
569
551
537
575
574
606
545
550
540
559
535
606
565
548
586
562
570
576
525
530
585
590
551
576
538
558
581
565
581
614
567
549
564
548
582
547
611
613
558
537
547
564
602
567
559
554
582
548
577
539
579
528
581
594
553
567
586
598
555
558
551
580
570
531
584
596
533
535
582
577
539
555
569
554
545
528
581
576
560
554
543
565
567
557
535
553
555
573
533
568
555
560
574
576
561
598
582
567
584
603
596
549
570
538
589
548
571
561
607
593
556
545
561
577
565
558
553
617
544
529
544
557
578
553
563
577
552
577
596
604
544
555
594
566
543
549
560
549
551
559
569
576
569
579
589
558
545
557
563
531
601
556
615
571
622
587
553
566
590
581
562
573
554
581
546
542
568
576
546
586
547
550
549
583
533
557
558
562
527
572
550
603
550
578
580
560
571
560
589
559
561
584
558
559
542
546
