651
662
646
654
606
629
673
680
605
646
624
621
644
644
630
654
615
619
624
617
619
652
634
628
641
643
695
632
620
636
621
644
627
633
649
631
648
642
693
618
625
658
633
630
616
656
638
636
648
673
653
644
619
647
677
663
624
613
647
616
622
647
625
618
642
652
658
650
634
663
636
633
640
649
630
620
688
672
620
649
655
648
660
642
670
673
648
624
625
630
646
639
653
649
629
623
632
620
686
651
652
668
635
634
652
625
665
625
634
628
666
665
619
638
648
651
614
622
622
609
643
611
652
655
657
625
634
632
653
697
618
615
648
654
659
630
659
640
682
649
648
640
678
652
657
638
622
646
677
661
623
642
654
615
646
651
634
671
650
619
616
615
658
632
647
617
650
620
651
637
657
627
657
631
651
673
633
662
621
625
647
643
605
632
622
627
648
650
654
626
628
629
631
637
641
621
617
684
633
662
663
633
650
624
666
658
654
623
666
630
639
644
652
616
673
679
630
658
643
624
652
614
626
633
624
685
635
621
667
649
635
665
624
673
638
627
621
657
633
644
617
658
656
644
683
654
631
664
625
660
671
650
663
629
648
671
623
660
625
652
674
676
617
662
646
645
653
636
625
619
631
657
650
623
636
668
622
673
676
631
664
611
666
669
632
639
620
616
656
674
626
662
650
637
639
667
645
641
621
666
655
648
670
629
631
631
650
667
643
627
641
656
610
654
668
625
641
617
622
655
686
629
660
670
641
639
651
643
647
654
618
647
600
633
631
610
619
630
664
647
646
644
653
659
634
651
639
636
631
637
635
620
649
645
634
662
642
660
629
652
670
672
644
643
636
646
624
668
638
634
654
643
655
643
650
635
651
667
647
622
645
676
619
653
641
677
647
672
626
620
625
656
676
661
622
645
653
628
629
646
637
628
660
671
648
644
622
634
642
649
619
629
630
614
638
672
662
676
661
650
660
614
640
630
622
676
621
624
635
650
625
640
630
658
636
670
634
648
654
630
670
655
640
637
657
634
667
666
630
625
671
627
656
654
637
665
620
648
658
675
652
651
651
662
620
642
651
657
652
616
624
664
654
642
655
643
644
683
636
657
644
623
622
621
646
641
629
661
654
651
627
659
647
641
647
646
614
655
649
620
