426
420
414
427
419
429
429
403
402
416
408
421
416
424
423
411
423
412
405
430
428
396
405
435
430
411
395
432
414
435
429
436
408
419
433
417
425
427
420
420
403
421
425
412
422
422
411
421
423
419
399
419
439
423
428
415
430
423
430
444
414
416
415
423
431
418
416
418
416
427
429
414
435
426
423
445
422
413
417
429
421
429
413
413
408
421
414
426
414
416
412
423
430
426
427
410
402
436
416
416
405
426
402
409
420
419
423
430
426
414
409
422
430
425
407
426
414
405
425
416
414
418
411
416
434
413
406
413
421
428
416
424
427
435
415
431
437
422
401
421
418
411
416
420
403
423
408
417
413
412
412
433
424
402
434
407
412
424
422
412
422
434
411
415
406
430
412
432
431
424
411
412
420
398
414
428
402
408
407
426
423
411
420
414
436
431
415
402
416
403
394
437
411
428
418
438
438
431
421
428
426
434
406
418
412
425
401
440
395
443
410
440
426
427
416
413
406
433
422
405
415
399
426
415
422
411
413
422
414
417
415
419
421
418
419
417
425
420
427
421
417
395
428
422
399
406
416
433
433
412
400
416
428
427
413
417
418
421
416
407
416
417
425
436
432
415
408
420
420
422
409
435
422
428
417
439
436
421
430
434
435
419
407
423
416
424
423
411
417
421
425
409
425
411
427
413
419
413
414
405
417
407
406
416
410
407
417
414
421
425
418
422
425
422
413
418
419
419
417
430
409
419
400
422
425
440
418
430
439
404
401
394
443
414
428
393
421
420
414
410
439
414
444
435
417
433
429
428
406
420
432
431
400
427
404
423
418
421
421
411
425
424
427
408
420
447
427
422
435
416
421
420
417
421
422
446
416
412
423
420
418
426
418
408
420
423
413
414
427
417
418
417
430
424
432
449
437
394
427
428
415
404
434
426
412
422
419
428
423
416
415
434
427
400
414
437
430
427
443
427
428
403
430
422
421
429
421
418
409
401
421
432
399
413
422
409
398
426
399
428
409
415
423
414
427
422
408
417
424
419
423
413
401
437
408
432
397
407
420
432
418
420
430
420
422
419
391
428
419
413
399
420
412
417
416
405
425
419
417
405
415
407
433
417
423
433
427
413
426
413
416
425
415
403
431
435
429
443
416
426
