656
706
655
663
679
680
649
650
659
662
683
680
673
660
663
680
684
684
678
681
671
711
677
663
667
669
681
662
657
703
678
677
672
676
671
682
668
687
685
674
675
677
682
680
688
692
658
671
686
687
666
682
668
672
667
687
672
670
683
678
659
663
683
671
670
693
687
683
667
681
665
678
662
680
682
678
684
662
656
680
690
685
657
671
693
668
670
682
679
672
666
684
706
666
680
684
662
681
678
661
679
682
677
693
664
682
689
672
674
676
679
671
671
676
691
680
675
687
671
677
672
677
655
665
644
682
659
689
672
684
684
688
690
679
665
671
679
669
666
688
678
672
674
686
688
706
678
665
671
673
678
662
673
665
674
680
679
675
682
661
688
685
683
649
677
712
676
678
676
673
694
674
673
676
690
683
691
661
693
673
714
679
664
677
677
658
685
676
686
675
685
677
684
668
676
690
690
691
683
662
673
684
684
669
659
689
686
689
672
674
664
692
683
691
689
666
673
668
676
650
685
680
671
675
726
677
684
675
683
692
683
671
672
671
682
700
663
674
681
693
674
646
681
682
674
699
655
669
669
672
703
649
666
669
674
653
684
670
683
694
682
666
684
679
680
668
667
651
697
670
680
673
662
667
683
691
676
669
675
685
658
683
670
697
693
677
673
687
683
661
672
684
677
690
671
673
693
664
660
674
675
718
674
655
666
699
681
692
680
658
681
673
672
695
679
660
674
675
681
671
706
664
684
671
670
666
676
676
715
668
691
663
669
701
670
670
669
670
679
667
695
661
684
677
659
676
681
667
668
677
658
671
688
690
677
666
672
682
673
690
662
694
683
701
686
663
662
682
686
691
674
678
695
658
651
678
703
697
657
696
663
670
683
685
676
672
682
648
707
668
689
689
674
678
668
691
667
666
676
667
670
683
652
701
680
677
670
699
683
706
678
673
686
665
681
671
675
664
666
674
700
694
685
684
710
680
686
680
680
668
689
672
676
684
673
685
711
675
672
676
667
677
669
677
682
689
706
678
692
686
689
690
658
714
690
670
687
727
706
682
678
682
689
677
673
668
686
687
688
678
691
694
723
666
681
651
682
686
710
666
653
686
696
667
666
668
672
668
692
670
685
687
660
654
682
663
685
679
712
683
