633
617
656
671
654
642
656
658
630
632
671
664
653
626
642
643
637
665
635
655
640
651
649
646
635
643
641
640
619
649
650
640
630
654
657
611
635
634
638
646
649
644
652
649
639
629
649
655
638
621
651
634
631
692
630
629
641
647
675
657
625
634
631
626
637
624
680
653
634
644
654
642
632
670
630
618
642
647
640
658
640
665
611
646
648
646
676
654
632
661
640
651
637
639
653
649
625
647
648
642
625
624
648
652
646
627
654
642
650
647
641
642
645
652
648
645
637
674
664
634
644
652
623
648
648
641
629
662
650
664
632
662
648
647
643
646
638
674
638
646
644
635
672
630
629
664
635
660
634
645
637
663
650
660
625
625
647
662
647
639
643
665
636
640
643
638
648
625
674
656
643
654
652
654
665
661
621
666
653
617
612
622
636
657
649
665
629
636
641
674
663
671
654
655
647
640
653
644
652
640
636
648
653
673
631
643
651
632
641
660
632
640
663
652
632
627
659
626
657
639
665
654
649
648
658
634
642
655
665
647
637
618
639
641
650
648
660
649
655
646
631
689
661
658
674
643
626
649
649
638
652
623
647
647
638
625
631
637
649
633
653
637
634
638
644
635
643
643
629
622
657
659
675
650
660
641
631
628
657
635
648
648
635
644
631
634
642
627
653
627
646
657
647
660
631
666
654
686
659
648
661
646
634
661
684
659
660
633
652
662
630
655
632
627
623
649
664
645
610
617
641
662
604
660
664
634
625
657
637
642
666
683
645
625
622
627
653
642
666
635
640
654
661
651
655
654
631
649
637
648
635
641
652
635
643
655
688
645
638
666
653
679
633
653
647
648
675
620
639
629
660
675
664
640
639
621
650
666
622
639
639
618
647
642
646
639
624
641
634
644
656
649
629
655
646
664
662
633
639
653
649
645
653
642
620
679
632
655
634
626
687
648
649
661
646
630
631
639
646
635
654
665
651
685
623
653
615
662
640
651
668
641
673
648
612
624
645
629
633
649
644
633
639
641
674
665
632
646
638
626
625
636
646
674
644
628
643
663
645
624
639
646
659
629
645
624
635
659
620
626
622
641
639
637
641
663
634
658
649
648
620
675
631
617
655
678
662
611
646
675
626
649
699
680
651
630
647
653
650
657
