620
664
628
601
613
652
600
646
622
659
617
629
621
610
610
620
653
612
671
601
611
631
656
607
633
621
644
616
632
657
603
635
661
608
628
632
601
597
622
602
646
670
624
641
615
600
606
626
672
638
606
676
620
648
591
616
638
622
636
611
631
639
638
601
674
631
641
625
599
621
610
592
618
630
590
644
644
650
656
612
595
585
645
644
625
598
631
593
620
604
597
646
618
627
640
611
586
641
597
652
618
609
620
595
609
612
605
629
604
606
603
621
650
600
603
651
604
646
625
643
612
601
610
620
645
617
613
641
626
649
625
658
628
619
584
606
646
614
623
604
605
601
648
626
619
625
614
605
596
621
648
645
600
613
583
598
632
618
650
618
624
640
601
587
616
637
629
628
635
655
626
619
605
607
606
655
633
620
654
627
655
598
628
599
638
607
662
626
627
642
645
607
591
634
649
618
625
624
632
597
617
610
616
584
604
638
661
609
655
609
626
600
605
611
628
640
653
626
644
629
633
613
634
609
621
638
626
633
633
586
619
607
628
631
605
639
595
602
605
627
622
603
630
599
630
626
598
634
650
594
614
628
607
590
595
634
652
616
588
596
609
656
633
629
638
586
639
616
623
598
631
636
598
603
600
642
618
611
629
602
618
635
609
624
628
607
599
620
633
589
656
625
636
600
629
635
621
615
626
597
629
642
623
620
613
627
640
628
614
654
646
624
620
643
658
613
613
592
590
644
605
632
654
615
643
618
631
638
636
601
642
631
602
609
647
593
647
596
602
605
609
635
641
638
673
612
613
629
647
638
610
627
658
594
635
627
627
600
617
615
600
625
659
631
620
635
647
599
649
646
631
594
630
640
608
635
624
655
612
663
624
596
594
614
624
603
598
596
622
624
642
626
628
637
617
599
599
625
675
639
662
663
629
645
639
618
645
649
631
626
640
629
627
620
611
579
622
623
618
582
620
620
630
602
606
602
604
607
602
673
607
619
615
599
631
625
611
608
599
613
597
624
606
627
587
620
634
629
654
625
602
627
615
636
641
631
593
598
610
608
607
641
654
636
630
614
647
623
626
617
655
634
647
596
633
659
623
646
623
653
638
603
624
627
598
623
644
619
611
597
606
600
622
692
608
582
644
614
599
613
