629
664
689
635
649
629
669
646
651
638
637
629
642
658
643
635
648
636
668
678
665
667
640
662
662
634
664
662
658
673
659
652
655
676
655
639
687
621
644
626
692
634
655
665
651
661
650
681
630
651
668
668
649
663
672
657
637
661
658
655
679
673
675
679
663
649
659
633
676
659
636
633
681
658
665
635
661
633
658
628
654
651
635
653
657
636
668
633
634
661
637
633
629
633
658
693
676
657
632
666
620
626
678
634
662
661
638
662
637
651
633
655
632
629
669
689
690
653
640
633
667
677
633
681
656
661
674
627
624
677
626
639
632
627
625
625
663
681
630
665
662
637
694
628
642
678
690
674
663
695
625
677
640
630
636
638
675
665
705
637
658
628
669
639
664
666
657
629
705
624
683
641
630
633
651
665
632
661
658
643
654
672
660
653
671
661
634
655
644
650
625
667
684
656
637
642
640
639
646
635
657
670
624
642
660
686
639
644
670
659
624
655
690
648
650
660
683
636
661
639
636
630
660
668
626
638
638
665
635
674
637
667
665
649
655
646
640
655
640
656
639
669
678
637
685
680
669
628
636
635
663
661
656
648
650
641
678
663
636
630
651
654
667
686
640
678
661
636
664
633
673
631
627
650
625
648
667
698
652
628
638
667
642
628
666
705
690
673
659
642
630
695
675
647
630
675
638
628
666
633
634
655
642
670
653
658
643
664
639
628
632
638
664
661
638
657
628
685
665
668
638
657
663
626
639
705
639
635
641
691
642
668
657
689
662
674
657
642
646
657
655
638
628
629
668
668
662
664
653
639
665
674
658
620
632
661
688
653
651
647
681
640
664
656
633
634
681
644
660
639
666
662
665
655
636
664
653
634
647
647
661
688
689
635
640
637
649
639
669
637
658
627
660
628
629
679
633
638
646
638
657
657
634
639
648
655
615
635
696
685
630
655
646
643
624
657
659
672
619
662
659
669
652
683
664
657
656
632
679
653
629
622
630
679
650
656
638
660
646
656
645
650
635
648
637
666
646
664
640
652
682
627
626
623
646
665
657
670
655
668
635
662
677
624
632
677
661
647
682
627
684
641
661
656
681
691
636
667
655
641
671
635
632
655
682
635
664
649
643
646
621
707
629
699
645
657
648
640
637
645
