316
283
287
289
273
294
286
283
289
266
293
279
259
260
270
263
293
309
272
284
276
308
289
280
295
291
301
286
287
267
301
294
271
292
292
299
292
288
297
293
270
279
282
281
287
283
286
300
296
289
306
289
287
295
288
313
270
287
282
291
302
297
301
283
292
320
292
280
312
289
293
292
292
260
331
283
293
303
309
286
304
294
302
273
295
284
305
304
304
284
258
298
295
284
286
280
293
296
317
298
275
297
293
298
295
282
301
311
270
305
287
289
301
290
296
283
264
279
284
280
272
292
297
279
301
271
297
298
306
287
298
296
292
296
288
305
274
286
289
305
288
298
306
276
285
290
281
287
289
293
283
285
281
321
292
304
285
309
293
315
308
292
296
276
276
287
288
281
302
284
284
295
282
308
270
292
303
291
313
296
281
273
297
282
289
277
322
301
298
292
299
285
299
282
307
276
276
274
306
280
310
304
297
297
291
290
277
298
300
268
281
282
298
304
297
288
286
287
302
279
279
288
310
276
280
305
305
286
275
290
299
296
295
292
282
309
270
306
281
293
281
301
288
281
282
301
285
301
292
278
304
293
305
285
292
307
277
267
304
279
294
284
290
305
303
302
299
287
304
292
294
287
298
272
287
289
290
282
290
304
295
299
308
268
294
318
309
309
302
287
301
295
284
290
291
289
288
294
293
269
286
303
305
289
288
286
281
294
296
322
291
263
317
313
299
285
321
271
288
313
290
303
318
286
285
255
282
300
289
296
302
291
303
285
285
304
287
302
316
282
309
300
303
303
276
282
296
294
292
306
295
259
295
302
279
289
314
265
311
285
299
295
277
278
279
287
300
323
295
276
292
310
280
286
294
291
291
315
283
301
312
290
308
301
295
284
298
294
280
291
297
290
297
296
304
281
274
291
304
297
303
306
275
279
307
259
274
294
323
305
302
278
283
278
271
283
300
311
276
309
308
279
295
298
298
297
291
309
297
305
308
293
308
274
244
294
290
284
279
288
266
286
298
308
284
287
287
302
282
283
301
274
280
316
294
285
282
295
268
320
302
295
303
265
271
298
274
291
283
288
299
292
290
295
300
299
298
305
288
272
278
290
290
289
307
276
291
303
305
283
297
280
299
307
279
287
295
309
282
291
