584
591
610
572
607
612
618
589
601
588
581
588
564
567
585
646
636
613
587
587
593
593
625
583
561
621
575
585
608
621
624
613
591
582
589
602
633
609
600
593
581
583
574
584
610
618
611
576
630
621
615
589
562
596
601
568
626
586
605
563
618
613
600
624
567
593
604
603
610
563
614
583
600
588
600
621
581
614
607
581
580
628
577
601
580
578
573
604
588
612
572
600
583
610
617
631
614
598
586
580
572
607
633
570
629
609
587
600
635
623
620
643
593
581
611
584
599
640
637
587
608
585
590
609
657
595
574
589
631
598
602
577
578
604
561
574
622
607
614
626
578
583
576
584
592
590
606
577
622
575
606
593
603
553
614
598
581
605
603
596
590
586
596
565
582
565
604
655
605
639
627
613
582
619
580
589
573
554
583
577
612
594
606
629
614
613
605
595
595
612
551
584
596
566
626
595
636
623
575
608
606
606
566
605
616
588
613
644
580
562
585
581
579
635
584
569
557
632
582
579
576
629
609
608
620
581
597
572
623
607
599
576
594
572
580
627
622
614
628
566
573
577
598
632
594
596
566
566
630
572
624
587
590
598
595
586
601
614
608
615
581
581
578
619
599
601
614
601
610
633
580
621
607
581
597
585
613
609
597
639
579
575
607
595
600
623
564
574
578
586
614
609
616
599
590
576
595
586
604
621
595
582
605
604
580
599
576
621
585
585
570
608
605
568
590
582
572
625
639
607
622
589
570
596
641
660
563
623
614
594
593
609
612
611
591
648
632
575
597
594
573
609
578
595
604
612
621
574
611
585
585
610
605
629
579
616
636
644
610
585
614
613
605
601
613
588
621
607
614
594
609
579
572
567
602
584
623
611
589
591
631
619
591
570
582
583
615
572
611
593
623
624
588
603
635
598
627
604
603
612
591
621
613
593
589
581
620
584
606
595
576
576
626
598
599
610
584
605
622
585
593
602
587
590
603
581
611
595
605
590
605
601
590
625
584
577
573
573
639
628
584
596
621
562
593
601
578
575
623
601
586
602
608
605
601
596
630
597
639
587
646
616
635
619
603
612
601
590
608
630
598
619
585
555
607
617
615
608
583
607
631
579
631
583
605
625
597
601
592
594
622
584
628
602
605
563
630
584
573
626
