612
592
620
615
607
596
602
603
598
594
619
583
609
601
594
607
607
598
598
598
601
597
619
588
605
622
588
603
603
588
595
587
599
604
607
607
598
598
590
590
625
586
603
604
584
607
627
604
615
605
612
603
612
606
617
587
615
596
617
603
589
613
598
592
598
606
609
604
611
602
614
585
611
584
608
606
626
596
598
596
594
621
605
586
606
613
617
610
612
597
611
611
595
612
574
600
598
609
615
586
605
609
599
609
603
593
620
608
602
592
634
621
600
606
613
594
608
592
577
578
607
585
605
587
630
588
591
605
618
597
604
601
589
626
587
586
612
596
615
597
610
613
611
604
585
607
598
622
622
606
609
596
595
598
612
601
607
614
589
615
586
585
613
592
617
600
605
608
602
605
620
593
618
611
629
630
621
611
582
604
596
595
574
616
604
598
594
586
617
606
595
597
631
616
585
601
600
595
616
603
613
611
618
609
622
597
603
615
617
599
575
613
597
590
586
590
603
601
591
598
638
605
604
606
601
604
608
606
618
630
614
588
616
615
584
609
609
625
625
601
605
619
620
601
584
611
600
605
578
598
635
625
614
619
594
583
558
590
584
620
588
616
608
604
625
593
612
619
584
618
584
602
602
593
625
595
612
623
603
601
593
593
582
610
588
597
573
590
613
624
600
626
594
618
605
584
589
594
610
601
588
638
607
612
602
622
602
614
589
601
610
614
592
604
601
626
598
607
595
588
634
599
633
607
597
605
604
595
598
594
616
629
596
612
618
580
579
594
609
605
598
615
610
609
601
594
596
599
593
610
605
619
626
585
597
582
609
619
622
589
595
605
589
611
625
591
621
605
616
605
606
629
586
599
637
582
611
593
593
584
593
629
611
602
582
607
586
616
601
597
615
590
588
610
580
617
608
605
596
620
623
620
584
583
625
588
593
591
609
609
588
599
617
595
598
615
608
615
589
600
577
603
613
579
615
607
599
594
605
606
585
608
611
590
597
600
608
587
609
609
633
609
610
633
601
611
609
618
598
600
608
592
597
594
587
589
581
587
617
605
609
604
590
598
612
623
579
615
584
596
588
619
595
600
607
620
623
603
598
622
612
592
583
587
608
612
596
629
610
586
624
616
577
610
597
610
602
611
612
590
