669
672
651
645
661
682
655
692
642
675
681
668
661
678
668
667
675
662
677
664
661
672
667
710
658
657
654
654
677
681
683
649
674
681
685
687
711
663
668
658
683
668
667
667
659
672
684
676
673
656
670
677
668
663
717
697
676
658
679
673
671
693
687
677
662
666
640
661
679
706
658
663
679
685
652
680
664
653
687
658
661
653
685
651
661
664
647
679
671
686
663
670
665
665
679
663
676
677
682
658
672
666
682
665
675
673
669
673
665
689
652
675
641
656
663
674
671
668
657
674
678
664
665
676
654
669
676
676
672
691
662
666
672
651
652
669
720
670
677
668
685
680
677
661
670
669
679
693
650
663
671
680
661
657
677
666
673
665
662
681
667
655
668
659
659
700
662
669
680
677
657
668
669
665
679
666
670
670
667
651
676
654
665
677
683
681
666
685
666
666
658
674
687
670
694
676
681
677
668
674
653
664
682
680
743
668
656
669
672
670
695
689
680
685
662
653
675
694
664
654
658
708
658
677
665
657
668
650
704
689
649
682
671
691
656
680
661
662
673
670
666
678
672
683
659
659
669
664
654
660
674
676
670
680
672
666
667
672
674
677
673
674
677
667
672
686
669
661
670
657
663
660
660
701
674
666
674
676
666
659
681
669
703
658
683
684
652
636
672
686
686
679
664
664
681
669
672
704
678
665
657
685
661
666
671
681
667
675
677
682
715
663
652
659
684
673
681
682
680
647
662
669
665
670
671
684
673
681
688
664
643
681
686
648
684
685
662
684
680
678
667
670
652
676
668
658
690
666
654
660
673
673
658
667
640
672
659
687
658
671
679
663
678
680
677
696
665
666
671
689
664
664
649
674
676
705
669
663
681
663
660
676
667
666
670
670
676
669
684
669
675
657
679
679
660
688
684
673
682
681
684
673
653
672
651
664
653
657
662
658
644
675
689
661
663
664
674
673
670
653
663
678
684
677
661
666
667
665
689
665
679
682
674
653
655
660
651
654
649
679
659
672
660
658
684
652
662
669
669
684
659
657
650
667
678
687
682
663
681
668
655
654
664
676
671
646
660
672
664
682
662
690
664
687
672
658
659
667
655
668
678
689
669
660
681
691
664
691
678
668
657
662
678
664
679
665
680
657
679
656
