649
652
654
660
649
662
701
653
672
654
642
695
687
681
654
649
668
650
653
655
628
642
658
648
643
656
657
657
653
655
649
637
656
652
666
637
642
658
670
654
654
679
663
695
651
659
672
653
642
648
675
648
643
661
667
661
660
656
648
638
667
665
654
645
696
648
665
671
644
651
640
648
650
639
651
648
650
649
649
681
669
656
647
650
668
657
651
642
666
674
666
657
655
665
660
644
657
647
668
663
645
656
655
643
644
671
658
658
648
649
675
670
649
661
690
652
661
658
659
693
684
649
662
645
653
642
647
654
655
627
685
663
672
626
649
670
657
647
649
646
669
657
654
631
642
669
712
665
663
644
669
642
648
673
641
650
655
637
654
646
657
651
671
656
664
633
680
658
663
647
672
654
668
684
642
656
675
652
670
655
646
651
658
661
668
693
651
677
674
677
664
684
633
666
654
689
671
685
646
643
646
650
673
648
657
672
650
659
678
646
672
669
667
662
658
659
686
638
657
654
644
647
671
654
653
648
668
640
652
653
674
662
668
658
667
658
654
660
655
643
635
655
659
645
656
659
644
663
652
667
659
661
663
659
680
666
661
654
700
657
639
640
670
660
650
663
645
662
634
659
654
645
661
655
661
660
657
645
648
643
644
658
666
666
656
681
657
664
684
653
661
653
656
646
665
661
655
668
654
653
672
646
641
630
664
645
640
652
655
639
652
657
655
671
632
671
659
663
651
659
678
676
664
657
625
640
666
678
651
659
661
697
651
654
658
657
636
667
676
648
664
675
655
656
661
653
644
661
658
668
656
673
673
658
668
652
658
660
633
653
671
647
659
652
662
661
639
668
658
659
664
658
649
644
654
655
661
682
636
660
654
650
658
648
655
639
664
653
669
671
633
650
670
649
628
652
652
648
665
655
660
646
668
655
672
659
661
649
645
678
690
642
647
654
639
640
645
642
657
670
665
694
675
655
659
688
678
649
676
656
661
664
675
654
654
661
695
659
675
648
686
659
633
638
648
693
671
674
645
644
633
649
673
663
643
639
663
640
687
656
646
660
669
663
639
647
656
664
662
677
655
661
648
648
641
649
669
670
674
648
652
651
653
648
659
693
662
682
658
654
657
653
649
654
660
651
659
691
649
654
