349
346
357
352
342
362
339
328
355
351
361
345
350
335
353
336
352
347
339
366
355
371
367
356
346
337
342
358
341
360
376
356
355
367
330
344
343
350
349
354
347
345
342
363
344
351
349
363
351
342
348
347
329
363
344
354
346
362
354
367
362
363
358
365
346
351
343
353
348
353
340
344
355
354
341
354
362
345
352
352
349
359
340
348
353
372
365
349
356
341
362
340
348
361
369
343
353
353
326
350
362
354
348
330
345
356
368
339
336
359
341
371
343
352
349
343
361
363
352
352
353
350
347
332
354
344
345
354
336
354
345
358
339
340
358
359
348
353
357
342
354
338
363
350
353
343
339
333
337
362
361
352
344
346
348
373
338
348
359
318
367
343
329
349
363
343
341
352
352
355
362
349
348
335
356
342
342
342
339
353
339
352
342
325
343
351
336
338
354
345
340
354
337
335
326
344
354
346
338
358
342
346
355
344
352
339
356
360
334
359
353
352
353
346
356
338
350
360
364
358
345
355
359
348
355
352
355
350
354
350
348
366
334
347
350
355
359
347
351
337
348
348
336
344
353
340
348
355
366
341
349
345
353
353
335
338
341
345
362
351
363
343
349
355
353
343
338
345
360
352
352
347
350
355
330
356
339
345
350
359
328
345
345
347
346
371
348
355
352
350
337
350
352
350
348
379
344
347
359
344
369
351
353
342
353
334
363
356
336
349
345
334
341
338
344
350
351
370
340
358
346
361
357
339
346
336
342
356
348
339
356
350
368
338
354
339
334
363
350
337
346
367
364
348
345
345
347
359
361
355
370
366
356
363
345
355
344
342
368
352
358
346
338
359
364
339
350
371
347
348
346
346
352
335
340
362
347
343
348
344
371
353
343
360
344
337
347
347
361
373
342
364
363
351
341
358
348
336
346
353
365
343
354
362
357
355
341
342
343
339
353
350
349
360
348
355
349
337
363
347
361
345
348
348
332
358
358
349
359
342
365
357
348
353
346
343
357
333
353
355
333
357
351
337
334
341
355
350
332
361
343
347
383
351
351
327
363
353
360
351
351
363
355
355
362
331
345
342
356
354
343
364
367
355
346
353
364
345
334
343
340
329
355
342
349
331
338
343
340
333
356
334
368
343
354
340
351
344
352
340
