530
534
530
558
497
533
525
525
497
530
532
526
513
501
511
543
531
555
544
527
538
538
544
503
519
533
521
525
521
532
554
536
519
523
536
543
524
526
531
531
506
508
545
509
512
536
537
532
536
526
505
517
518
536
527
531
536
511
540
507
535
530
506
522
520
498
539
527
541
544
518
520
553
544
536
534
538
506
544
540
537
541
542
512
537
526
520
514
512
525
527
520
524
547
543
523
542
558
513
525
510
523
531
502
539
516
536
517
551
524
525
561
542
510
533
533
535
526
539
526
510
526
529
532
540
536
535
510
538
531
540
543
531
538
513
523
535
542
504
513
511
501
538
534
520
520
512
531
531
531
516
542
521
502
534
515
519
535
525
532
521
530
518
525
529
512
514
551
547
537
531
529
512
512
524
521
511
516
504
509
528
536
532
544
543
512
522
523
520
532
511
533
523
547
522
523
549
536
547
549
530
544
517
520
538
513
517
541
528
529
538
548
526
541
522
507
509
549
504
521
512
524
519
522
516
543
510
544
549
537
527
527
514
533
520
532
514
525
548
531
505
499
519
555
524
517
538
509
545
542
521
518
509
529
555
531
538
525
514
543
545
506
537
543
535
533
514
507
528
536
513
538
539
530
542
536
514
535
555
523
550
526
526
526
529
534
538
507
543
523
543
513
525
520
525
503
530
512
527
523
530
497
544
529
517
532
535
532
537
538
519
527
518
527
520
517
537
523
510
517
525
503
534
531
549
543
502
532
529
514
536
537
560
524
540
524
543
521
538
516
540
560
528
512
525
523
543
565
503
513
527
527
531
536
531
524
520
529
537
509
539
524
530
530
519
544
527
547
542
538
529
562
538
524
543
533
525
510
526
556
545
539
512
525
534
538
525
509
530
528
522
529
544
517
534
558
534
514
558
532
548
531
532
530
523
520
508
545
525
533
524
546
520
517
525
536
529
533
522
524
549
527
543
537
520
520
528
549
504
532
537
539
529
549
534
526
534
527
530
542
498
509
545
527
527
523
519
522
547
528
520
516
522
522
527
541
539
519
548
539
522
540
535
544
518
536
528
548
543
527
516
541
528
509
540
527
533
536
529
515
525
534
521
504
516
526
529
535
520
519
531
512
507
537
526
517
515
535
515
512
